EAST|3,0;4,0;5,0;6,0
SOUTH_EAST|10,0;11,1;12,2;13,3
WEST|14,0;13,0;12,0;11,0
SOUTH_WEST|14,0;13,1;12,2;11,3
WEST|22,0;21,0;20,0;19,0
SOUTH|38,0;38,1;38,2;38,3
WEST|46,0;45,0;44,0;43,0
SOUTH_WEST|47,0;46,1;45,2;44,3
SOUTH_EAST|48,0;49,1;50,2;51,3
EAST|50,0;51,0;52,0;53,0
SOUTH_EAST|50,0;51,1;52,2;53,3
SOUTH_WEST|54,0;53,1;52,2;51,3
WEST|63,0;62,0;61,0;60,0
SOUTH_WEST|80,0;79,1;78,2;77,3
SOUTH_EAST|80,0;81,1;82,2;83,3
WEST|84,0;83,0;82,0;81,0
SOUTH_WEST|84,0;83,1;82,2;81,3
SOUTH_EAST|84,0;85,1;86,2;87,3
SOUTH|85,0;85,1;85,2;85,3
EAST|85,0;86,0;87,0;88,0
SOUTH|97,0;97,1;97,2;97,3
SOUTH_EAST|97,0;98,1;99,2;100,3
SOUTH|104,0;104,1;104,2;104,3
SOUTH_WEST|104,0;103,1;102,2;101,3
WEST|113,0;112,0;111,0;110,0
WEST|123,0;122,0;121,0;120,0
SOUTH|1,1;1,2;1,3;1,4
EAST|1,1;2,1;3,1;4,1
WEST|22,1;21,1;20,1;19,1
EAST|31,1;32,1;33,1;34,1
EAST|45,1;46,1;47,1;48,1
WEST|72,1;71,1;70,1;69,1
EAST|86,1;87,1;88,1;89,1
EAST|106,1;107,1;108,1;109,1
EAST|110,1;111,1;112,1;113,1
SOUTH_WEST|110,1;109,2;108,3;107,4
SOUTH_WEST|130,1;129,2;128,3;127,4
WEST|22,2;21,2;20,2;19,2
SOUTH_WEST|22,2;21,3;20,4;19,5
WEST|68,2;67,2;66,2;65,2
EAST|113,2;114,2;115,2;116,2
SOUTH_EAST|131,2;132,3;133,4;134,5
WEST|3,3;2,3;1,3;0,3
NORTH|8,3;8,2;8,1;8,0
EAST|8,3;9,3;10,3;11,3
NORTH_EAST|8,3;9,2;10,1;11,0
NORTH|33,3;33,2;33,1;33,0
SOUTH_WEST|33,3;32,4;31,5;30,6
NORTH_WEST|43,3;42,2;41,1;40,0
NORTH_EAST|50,3;51,2;52,1;53,0
SOUTH_WEST|50,3;49,4;48,5;47,6
SOUTH_WEST|65,3;64,4;63,5;62,6
SOUTH_EAST|69,3;70,4;71,5;72,6
NORTH_WEST|75,3;74,2;73,1;72,0
NORTH_WEST|84,3;83,2;82,1;81,0
SOUTH_WEST|84,3;83,4;82,5;81,6
SOUTH_WEST|92,3;91,4;90,5;89,6
SOUTH_WEST|95,3;94,4;93,5;92,6
SOUTH|117,3;117,4;117,5;117,6
WEST|117,3;116,3;115,3;114,3
NORTH_EAST|117,3;118,2;119,1;120,0
SOUTH|123,3;123,4;123,5;123,6
NORTH|137,3;137,2;137,1;137,0
WEST|137,3;136,3;135,3;134,3
NORTH_EAST|11,4;12,3;13,2;14,1
SOUTH_WEST|17,4;16,5;15,6;14,7
NORTH_WEST|19,4;18,3;17,2;16,1
WEST|24,4;23,4;22,4;21,4
SOUTH_WEST|35,4;34,5;33,6;32,7
EAST|37,4;38,4;39,4;40,4
EAST|50,4;51,4;52,4;53,4
SOUTH_EAST|50,4;51,5;52,6;53,7
NORTH|57,4;57,3;57,2;57,1
SOUTH_EAST|57,4;58,5;59,6;60,7
NORTH_WEST|80,4;79,3;78,2;77,1
SOUTH_EAST|82,4;83,5;84,6;85,7
SOUTH_WEST|86,4;85,5;84,6;83,7
SOUTH_EAST|96,4;97,5;98,6;99,7
SOUTH|104,4;104,5;104,6;104,7
NORTH_WEST|104,4;103,3;102,2;101,1
SOUTH_WEST|104,4;103,5;102,6;101,7
NORTH|136,4;136,3;136,2;136,1
EAST|21,5;22,5;23,5;24,5
NORTH|28,5;28,4;28,3;28,2
NORTH_WEST|30,5;29,4;28,3;27,2
NORTH_EAST|33,5;34,4;35,3;36,2
WEST|41,5;40,5;39,5;38,5
SOUTH_WEST|41,5;40,6;39,7;38,8
SOUTH_EAST|45,5;46,6;47,7;48,8
SOUTH|46,5;46,6;46,7;46,8
SOUTH_EAST|52,5;53,6;54,7;55,8
NORTH|62,5;62,4;62,3;62,2
SOUTH_EAST|62,5;63,6;64,7;65,8
SOUTH|64,5;64,6;64,7;64,8
NORTH_WEST|68,5;67,4;66,3;65,2
SOUTH_WEST|68,5;67,6;66,7;65,8
NORTH_EAST|69,5;70,4;71,3;72,2
SOUTH_WEST|69,5;68,6;67,7;66,8
SOUTH|77,5;77,6;77,7;77,8
NORTH_WEST|78,5;77,4;76,3;75,2
SOUTH_EAST|78,5;79,6;80,7;81,8
WEST|84,5;83,5;82,5;81,5
NORTH_WEST|84,5;83,4;82,3;81,2
SOUTH_WEST|84,5;83,6;82,7;81,8
SOUTH|114,5;114,6;114,7;114,8
NORTH|121,5;121,4;121,3;121,2
WEST|121,5;120,5;119,5;118,5
SOUTH_EAST|121,5;122,6;123,7;124,8
NORTH|124,5;124,4;124,3;124,2
SOUTH|124,5;124,6;124,7;124,8
NORTH_WEST|124,5;123,4;122,3;121,2
NORTH|125,5;125,4;125,3;125,2
NORTH_WEST|126,5;125,4;124,3;123,2
SOUTH_WEST|126,5;125,6;124,7;123,8
NORTH_WEST|127,5;126,4;125,3;124,2
SOUTH_WEST|127,5;126,6;125,7;124,8
SOUTH|135,5;135,6;135,7;135,8
NORTH_WEST|135,5;134,4;133,3;132,2
NORTH|0,6;0,5;0,4;0,3
EAST|6,6;7,6;8,6;9,6
SOUTH_EAST|6,6;7,7;8,8;9,9
NORTH_WEST|10,6;9,5;8,4;7,3
NORTH|16,6;16,5;16,4;16,3
NORTH_EAST|31,6;32,5;33,4;34,3
WEST|35,6;34,6;33,6;32,6
WEST|44,6;43,6;42,6;41,6
NORTH_EAST|50,6;51,5;52,4;53,3
WEST|54,6;53,6;52,6;51,6
NORTH_EAST|82,6;83,5;84,4;85,3
NORTH|100,6;100,5;100,4;100,3
NORTH_WEST|100,6;99,5;98,4;97,3
NORTH|101,6;101,5;101,4;101,3
NORTH_EAST|101,6;102,5;103,4;104,3
SOUTH|127,6;127,7;127,8;127,9
WEST|37,7;36,7;35,7;34,7
NORTH_EAST|37,7;38,6;39,5;40,4
EAST|57,7;58,7;59,7;60,7
SOUTH_EAST|57,7;58,8;59,9;60,10
SOUTH_WEST|63,7;62,8;61,9;60,10
NORTH|75,7;75,6;75,5;75,4
SOUTH_EAST|75,7;76,8;77,9;78,10
NORTH_EAST|89,7;90,6;91,5;92,4
SOUTH_EAST|89,7;90,8;91,9;92,10
NORTH|93,7;93,6;93,5;93,4
SOUTH_EAST|93,7;94,8;95,9;96,10
NORTH|95,7;95,6;95,5;95,4
NORTH_WEST|95,7;94,6;93,5;92,4
SOUTH_WEST|102,7;101,8;100,9;99,10
SOUTH|109,7;109,8;109,9;109,10
EAST|109,7;110,7;111,7;112,7
NORTH|116,7;116,6;116,5;116,4
NORTH|137,7;137,6;137,5;137,4
SOUTH_WEST|4,8;3,9;2,10;1,11
SOUTH_EAST|6,8;7,9;8,10;9,11
NORTH_EAST|9,8;10,7;11,6;12,5
SOUTH_EAST|11,8;12,9;13,10;14,11
SOUTH|15,8;15,9;15,10;15,11
NORTH_EAST|16,8;17,7;18,6;19,5
SOUTH_EAST|16,8;17,9;18,10;19,11
NORTH|17,8;17,7;17,6;17,5
NORTH_WEST|17,8;16,7;15,6;14,5
SOUTH_WEST|17,8;16,9;15,10;14,11
SOUTH_WEST|18,8;17,9;16,10;15,11
NORTH_WEST|20,8;19,7;18,6;17,5
SOUTH_EAST|20,8;21,9;22,10;23,11
SOUTH|21,8;21,9;21,10;21,11
NORTH_EAST|21,8;22,7;23,6;24,5
EAST|31,8;32,8;33,8;34,8
SOUTH_EAST|31,8;32,9;33,10;34,11
NORTH_EAST|35,8;36,7;37,6;38,5
SOUTH_EAST|35,8;36,9;37,10;38,11
SOUTH_WEST|37,8;36,9;35,10;34,11
SOUTH_WEST|50,8;49,9;48,10;47,11
SOUTH_WEST|61,8;60,9;59,10;58,11
SOUTH|69,8;69,9;69,10;69,11
SOUTH_EAST|69,8;70,9;71,10;72,11
SOUTH_WEST|71,8;70,9;69,10;68,11
SOUTH|108,8;108,9;108,10;108,11
WEST|119,8;118,8;117,8;116,8
EAST|128,8;129,8;130,8;131,8
SOUTH_EAST|128,8;129,9;130,10;131,11
EAST|6,9;7,9;8,9;9,9
NORTH_EAST|6,9;7,8;8,7;9,6
EAST|11,9;12,9;13,9;14,9
NORTH_EAST|11,9;12,8;13,7;14,6
NORTH_WEST|25,9;24,8;23,7;22,6
NORTH_EAST|25,9;26,8;27,7;28,6
NORTH|30,9;30,8;30,7;30,6
EAST|35,9;36,9;37,9;38,9
NORTH_WEST|48,9;47,8;46,7;45,6
NORTH_EAST|48,9;49,8;50,7;51,6
NORTH_WEST|50,9;49,8;48,7;47,6
SOUTH_WEST|50,9;49,10;48,11;47,12
NORTH_WEST|52,9;51,8;50,7;49,6
NORTH_EAST|52,9;53,8;54,7;55,6
SOUTH_EAST|63,9;64,10;65,11;66,12
NORTH_WEST|68,9;67,8;66,7;65,6
NORTH|72,9;72,8;72,7;72,6
SOUTH_EAST|78,9;79,10;80,11;81,12
SOUTH_WEST|82,9;81,10;80,11;79,12
NORTH_EAST|89,9;90,8;91,7;92,6
NORTH_EAST|96,9;97,8;98,7;99,6
SOUTH|113,9;113,10;113,11;113,12
SOUTH|115,9;115,10;115,11;115,12
NORTH_WEST|126,9;125,8;124,7;123,6
SOUTH|128,9;128,10;128,11;128,12
NORTH_EAST|128,9;129,8;130,7;131,6
SOUTH_WEST|128,9;127,10;126,11;125,12
SOUTH|136,9;136,10;136,11;136,12
NORTH|0,10;0,9;0,8;0,7
NORTH_EAST|0,10;1,9;2,8;3,7
SOUTH_EAST|12,10;13,11;14,12;15,13
SOUTH|29,10;29,11;29,12;29,13
SOUTH|31,10;31,11;31,12;31,13
NORTH_EAST|31,10;32,9;33,8;34,7
SOUTH_EAST|31,10;32,11;33,12;34,13
SOUTH_WEST|43,10;42,11;41,12;40,13
SOUTH_EAST|44,10;45,11;46,12;47,13
EAST|51,10;52,10;53,10;54,10
WEST|105,10;104,10;103,10;102,10
NORTH_EAST|105,10;106,9;107,8;108,7
NORTH_WEST|107,10;106,9;105,8;104,7
WEST|112,10;111,10;110,10;109,10
NORTH|46,11;46,10;46,9;46,8
SOUTH_EAST|51,11;52,12;53,13;54,14
SOUTH_WEST|57,11;56,12;55,13;54,14
NORTH_WEST|67,11;66,10;65,9;64,8
NORTH_EAST|75,11;76,10;77,9;78,8
SOUTH_EAST|79,11;80,12;81,13;82,14
SOUTH_WEST|83,11;82,12;81,13;80,14
SOUTH_WEST|96,11;95,12;94,13;93,14
SOUTH_WEST|103,11;102,12;101,13;100,14
SOUTH|118,11;118,12;118,13;118,14
NORTH_EAST|132,11;133,10;134,9;135,8
NORTH_WEST|134,11;133,10;132,9;131,8
NORTH_EAST|6,12;7,11;8,10;9,9
SOUTH_WEST|7,12;6,13;5,14;4,15
NORTH_EAST|16,12;17,11;18,10;19,9
SOUTH|36,12;36,13;36,14;36,15
SOUTH_WEST|60,12;59,13;58,14;57,15
SOUTH|73,12;73,13;73,14;73,15
SOUTH_WEST|77,12;76,13;75,14;74,15
NORTH_EAST|83,12;84,11;85,10;86,9
SOUTH_EAST|56,13;57,14;58,15;59,16
WEST|60,13;59,13;58,13;57,13
NORTH_EAST|75,13;76,12;77,11;78,10
NORTH|82,13;82,12;82,11;82,10
NORTH_WEST|99,13;98,12;97,11;96,10
NORTH_EAST|99,13;100,12;101,11;102,10
NORTH|100,13;100,12;100,11;100,10
SOUTH_EAST|105,13;106,14;107,15;108,16
SOUTH|116,13;116,14;116,15;116,16
NORTH_WEST|117,13;116,12;115,11;114,10
NORTH_WEST|138,13;137,12;136,11;135,10
NORTH|3,14;3,13;3,12;3,11
WEST|3,14;2,14;1,14;0,14
NORTH_EAST|3,14;4,13;5,12;6,11
SOUTH_WEST|3,14;2,15;1,16;0,17
NORTH|23,14;23,13;23,12;23,11
NORTH_EAST|23,14;24,13;25,12;26,11
NORTH|24,14;24,13;24,12;24,11
NORTH_WEST|24,14;23,13;22,12;21,11
NORTH_WEST|37,14;36,13;35,12;34,11
NORTH_EAST|41,14;42,13;43,12;44,11
SOUTH_EAST|42,14;43,15;44,16;45,17
NORTH|43,14;43,13;43,12;43,11
NORTH_WEST|43,14;42,13;41,12;40,11
NORTH|44,14;44,13;44,12;44,11
NORTH_EAST|44,14;45,13;46,12;47,11
EAST|46,14;47,14;48,14;49,14
NORTH_WEST|46,14;45,13;44,12;43,11
SOUTH_WEST|46,14;45,15;44,16;43,17
NORTH_WEST|50,14;49,13;48,12;47,11
NORTH_WEST|55,14;54,13;53,12;52,11
NORTH|70,14;70,13;70,12;70,11
SOUTH|85,14;85,15;85,16;85,17
SOUTH_WEST|85,14;84,15;83,16;82,17
NORTH_EAST|121,14;122,13;123,12;124,11
NORTH_WEST|122,14;121,13;120,12;119,11
NORTH|124,14;124,13;124,12;124,11
NORTH_WEST|124,14;123,13;122,12;121,11
SOUTH_EAST|125,14;126,15;127,16;128,17
SOUTH_WEST|129,14;128,15;127,16;126,17
WEST|3,15;2,15;1,15;0,15
SOUTH_EAST|47,15;48,16;49,17;50,18
NORTH_EAST|51,15;52,14;53,13;54,12
SOUTH_EAST|51,15;52,16;53,17;54,18
WEST|55,15;54,15;53,15;52,15
SOUTH_EAST|61,15;62,16;63,17;64,18
NORTH_EAST|63,15;64,14;65,13;66,12
NORTH_WEST|64,15;63,14;62,13;61,12
NORTH_EAST|78,15;79,14;80,13;81,12
NORTH|79,15;79,14;79,13;79,12
NORTH|81,15;81,14;81,13;81,12
SOUTH_WEST|99,15;98,16;97,17;96,18
SOUTH|113,15;113,16;113,17;113,18
NORTH_WEST|113,15;112,14;111,13;110,12
NORTH|115,15;115,14;115,13;115,12
SOUTH|115,15;115,16;115,17;115,18
SOUTH_WEST|115,15;114,16;113,17;112,18
NORTH_WEST|117,15;116,14;115,13;114,12
NORTH_WEST|136,15;135,14;134,13;133,12
NORTH_WEST|3,16;2,15;1,14;0,13
SOUTH_WEST|3,16;2,17;1,18;0,19
SOUTH|8,16;8,17;8,18;8,19
NORTH_EAST|15,16;16,15;17,14;18,13
NORTH|19,16;19,15;19,14;19,13
NORTH_EAST|30,16;31,15;32,14;33,13
NORTH|31,16;31,15;31,14;31,13
SOUTH|31,16;31,17;31,18;31,19
NORTH_EAST|31,16;32,15;33,14;34,13
NORTH|33,16;33,15;33,14;33,13
NORTH_WEST|33,16;32,15;31,14;30,13
NORTH_EAST|36,16;37,15;38,14;39,13
NORTH_WEST|40,16;39,15;38,14;37,13
EAST|56,16;57,16;58,16;59,16
NORTH_EAST|81,16;82,15;83,14;84,13
SOUTH_WEST|82,16;81,17;80,18;79,19
NORTH|90,16;90,15;90,14;90,13
EAST|119,16;120,16;121,16;122,16
SOUTH|123,16;123,17;123,18;123,19
NORTH_WEST|133,16;132,15;131,14;130,13
EAST|135,16;136,16;137,16;138,16
NORTH_EAST|6,17;7,16;8,15;9,14
SOUTH_EAST|9,17;10,18;11,19;12,20
WEST|29,17;28,17;27,17;26,17
SOUTH_EAST|39,17;40,18;41,19;42,20
SOUTH_WEST|41,17;40,18;39,19;38,20
SOUTH_EAST|41,17;42,18;43,19;44,20
SOUTH_WEST|47,17;46,18;45,19;44,20
WEST|51,17;50,17;49,17;48,17
NORTH_EAST|51,17;52,16;53,15;54,14
SOUTH_EAST|61,17;62,18;63,19;64,20
EAST|90,17;91,17;92,17;93,17
SOUTH_EAST|90,17;91,18;92,19;93,20
WEST|99,17;98,17;97,17;96,17
NORTH_WEST|99,17;98,16;97,15;96,14
NORTH_EAST|99,17;100,16;101,15;102,14
NORTH|110,17;110,16;110,15;110,14
NORTH_WEST|110,17;109,16;108,15;107,14
NORTH_WEST|111,17;110,16;109,15;108,14
SOUTH_EAST|132,17;133,18;134,19;135,20
SOUTH_WEST|138,17;137,18;136,19;135,20
NORTH_WEST|3,18;2,17;1,16;0,15
SOUTH_WEST|7,18;6,19;5,20;4,21
EAST|12,18;13,18;14,18;15,18
NORTH_WEST|12,18;11,17;10,16;9,15
NORTH_WEST|29,18;28,17;27,16;26,15
NORTH|34,18;34,17;34,16;34,15
NORTH_WEST|37,18;36,17;35,16;34,15
SOUTH_EAST|37,18;38,19;39,20;40,21
SOUTH_EAST|41,18;42,19;43,20;44,21
SOUTH_WEST|43,18;42,19;41,20;40,21
NORTH|74,18;74,17;74,16;74,15
NORTH_EAST|74,18;75,17;76,16;77,15
NORTH|75,18;75,17;75,16;75,15
NORTH_WEST|76,18;75,17;74,16;73,15
SOUTH_EAST|76,18;77,19;78,20;79,21
WEST|90,18;89,18;88,18;87,18
NORTH_EAST|90,18;91,17;92,16;93,15
EAST|100,18;101,18;102,18;103,18
SOUTH_WEST|108,18;107,19;106,20;105,21
SOUTH_EAST|108,18;109,19;110,20;111,21
NORTH_EAST|119,18;120,17;121,16;122,15
SOUTH_EAST|125,18;126,19;127,20;128,21
NORTH|131,18;131,17;131,16;131,15
SOUTH_WEST|131,18;130,19;129,20;128,21
NORTH_WEST|136,18;135,17;134,16;133,15
WEST|3,19;2,19;1,19;0,19
NORTH_EAST|3,19;4,18;5,17;6,16
NORTH|5,19;5,18;5,17;5,16
SOUTH|7,19;7,20;7,21;7,22
NORTH_WEST|7,19;6,18;5,17;4,16
SOUTH_EAST|7,19;8,20;9,21;10,22
SOUTH_WEST|9,19;8,20;7,21;6,22
NORTH_WEST|19,19;18,18;17,17;16,16
NORTH_EAST|25,19;26,18;27,17;28,16
SOUTH_EAST|25,19;26,20;27,21;28,22
EAST|57,19;58,19;59,19;60,19
SOUTH_EAST|57,19;58,20;59,21;60,22
SOUTH_WEST|61,19;60,20;59,21;58,22
WEST|65,19;64,19;63,19;62,19
WEST|96,19;95,19;94,19;93,19
NORTH_WEST|96,19;95,18;94,17;93,16
SOUTH_WEST|108,19;107,20;106,21;105,22
SOUTH_EAST|108,19;109,20;110,21;111,22
NORTH_EAST|113,19;114,18;115,17;116,16
SOUTH_EAST|113,19;114,20;115,21;116,22
NORTH_WEST|115,19;114,18;113,17;112,16
NORTH_EAST|115,19;116,18;117,17;118,16
SOUTH|116,19;116,20;116,21;116,22
EAST|129,19;130,19;131,19;132,19
SOUTH_WEST|129,19;128,20;127,21;126,22
NORTH|21,20;21,19;21,18;21,17
NORTH_WEST|29,20;28,19;27,18;26,17
NORTH_EAST|29,20;30,19;31,18;32,17
SOUTH_WEST|31,20;30,21;29,22;28,23
SOUTH_EAST|37,20;38,21;39,22;40,23
NORTH_WEST|51,20;50,19;49,18;48,17
NORTH_EAST|68,20;69,19;70,18;71,17
SOUTH_EAST|68,20;69,21;70,22;71,23
SOUTH_WEST|70,20;69,21;68,22;67,23
NORTH|72,20;72,19;72,18;72,17
NORTH|80,20;80,19;80,18;80,17
NORTH|82,20;82,19;82,18;82,17
NORTH_EAST|82,20;83,19;84,18;85,17
NORTH|85,20;85,19;85,18;85,17
NORTH_WEST|85,20;84,19;83,18;82,17
NORTH_WEST|86,20;85,19;84,18;83,17
NORTH_EAST|86,20;87,19;88,18;89,17
SOUTH_EAST|86,20;87,21;88,22;89,23
SOUTH_WEST|92,20;91,21;90,22;89,23
EAST|108,20;109,20;110,20;111,20
NORTH_WEST|108,20;107,19;106,18;105,17
SOUTH_WEST|130,20;129,21;128,22;127,23
SOUTH_EAST|132,20;133,21;134,22;135,23
WEST|138,20;137,20;136,20;135,20
SOUTH_EAST|8,21;9,22;10,23;11,24
SOUTH_WEST|10,21;9,22;8,23;7,24
SOUTH_WEST|28,21;27,22;26,23;25,24
EAST|37,21;38,21;39,21;40,21
NORTH|47,21;47,20;47,19;47,18
SOUTH_WEST|54,21;53,22;52,23;51,24
NORTH_EAST|57,21;58,20;59,19;60,18
SOUTH_WEST|70,21;69,22;68,23;67,24
SOUTH_EAST|70,21;71,22;72,23;73,24
EAST|86,21;87,21;88,21;89,21
EAST|90,21;91,21;92,21;93,21
SOUTH_WEST|90,21;89,22;88,23;87,24
SOUTH_EAST|94,21;95,22;96,23;97,24
NORTH_WEST|99,21;98,20;97,19;96,18
WEST|108,21;107,21;106,21;105,21
NORTH_EAST|108,21;109,20;110,19;111,18
NORTH|112,21;112,20;112,19;112,18
SOUTH_WEST|131,21;130,22;129,23;128,24
SOUTH_EAST|0,22;1,23;2,24;3,25
SOUTH|16,22;16,23;16,24;16,25
SOUTH_WEST|19,22;18,23;17,24;16,25
SOUTH|20,22;20,23;20,24;20,25
NORTH|33,22;33,21;33,20;33,19
SOUTH_WEST|36,22;35,23;34,24;33,25
SOUTH_WEST|48,22;47,23;46,24;45,25
EAST|49,22;50,22;51,22;52,22
EAST|55,22;56,22;57,22;58,22
NORTH_WEST|78,22;77,21;76,20;75,19
SOUTH_WEST|80,22;79,23;78,24;77,25
SOUTH_EAST|80,22;81,23;82,24;83,25
SOUTH_WEST|82,22;81,23;80,24;79,25
EAST|94,22;95,22;96,22;97,22
NORTH_WEST|108,22;107,21;106,20;105,19
WEST|136,22;135,22;134,22;133,22
EAST|0,23;1,23;2,23;3,23
WEST|6,23;5,23;4,23;3,23
SOUTH|9,23;9,24;9,25;9,26
NORTH_WEST|9,23;8,22;7,21;6,20
SOUTH_EAST|9,23;10,24;11,25;12,26
EAST|37,23;38,23;39,23;40,23
NORTH_EAST|37,23;38,22;39,21;40,20
NORTH|42,23;42,22;42,21;42,20
NORTH|46,23;46,22;46,21;46,20
SOUTH_WEST|46,23;45,24;44,25;43,26
NORTH|56,23;56,22;56,21;56,20
EAST|57,23;58,23;59,23;60,23
WEST|70,23;69,23;68,23;67,23
WEST|74,23;73,23;72,23;71,23
SOUTH_EAST|74,23;75,24;76,25;77,26
EAST|80,23;81,23;82,23;83,23
SOUTH_WEST|80,23;79,24;78,25;77,26
NORTH_EAST|90,23;91,22;92,21;93,20
SOUTH|108,23;108,24;108,25;108,26
NORTH|113,23;113,22;113,21;113,20
NORTH|115,23;115,22;115,21;115,20
NORTH_WEST|116,23;115,22;114,21;113,20
NORTH_WEST|118,23;117,22;116,21;115,20
NORTH_EAST|118,23;119,22;120,21;121,20
NORTH_WEST|124,23;123,22;122,21;121,20
SOUTH_WEST|128,23;127,24;126,25;125,26
SOUTH|0,24;0,25;0,26;0,27
SOUTH_EAST|0,24;1,25;2,26;3,27
WEST|4,24;3,24;2,24;1,24
SOUTH_EAST|4,24;5,25;6,26;7,27
SOUTH|23,24;23,25;23,26;23,27
SOUTH_WEST|36,24;35,25;34,26;33,27
NORTH_EAST|37,24;38,23;39,22;40,21
SOUTH_WEST|40,24;39,25;38,26;37,27
EAST|44,24;45,24;46,24;47,24
WEST|50,24;49,24;48,24;47,24
EAST|52,24;53,24;54,24;55,24
NORTH_WEST|74,24;73,23;72,22;71,21
WEST|90,24;89,24;88,24;87,24
NORTH_EAST|90,24;91,23;92,22;93,21
SOUTH_WEST|113,24;112,25;111,26;110,27
EAST|4,25;5,25;6,25;7,25
SOUTH_EAST|4,25;5,26;6,27;7,28
NORTH_EAST|8,25;9,24;10,23;11,22
SOUTH_WEST|8,25;7,26;6,27;5,28
NORTH|10,25;10,24;10,23;10,22
NORTH_WEST|10,25;9,24;8,23;7,22
SOUTH_WEST|12,25;11,26;10,27;9,28
SOUTH|13,25;13,26;13,27;13,28
NORTH_WEST|13,25;12,24;11,23;10,22
SOUTH_EAST|24,25;25,26;26,27;27,28
SOUTH|27,25;27,26;27,27;27,28
NORTH|43,25;43,24;43,23;43,22
SOUTH_EAST|48,25;49,26;50,27;51,28
NORTH_EAST|61,25;62,24;63,23;64,22
WEST|67,25;66,25;65,25;64,25
EAST|80,25;81,25;82,25;83,25
SOUTH|89,25;89,26;89,27;89,28
SOUTH_EAST|89,25;90,26;91,27;92,28
SOUTH_WEST|91,25;90,26;89,27;88,28
SOUTH_EAST|91,25;92,26;93,27;94,28
SOUTH_WEST|95,25;94,26;93,27;92,28
SOUTH_EAST|95,25;96,26;97,27;98,28
SOUTH|98,25;98,26;98,27;98,28
NORTH_EAST|98,25;99,24;100,23;101,22
NORTH|100,25;100,24;100,23;100,22
NORTH_EAST|100,25;101,24;102,23;103,22
NORTH_WEST|102,25;101,24;100,23;99,22
NORTH_EAST|102,25;103,24;104,23;105,22
SOUTH_EAST|122,25;123,26;124,27;125,28
NORTH|17,26;17,25;17,24;17,23
NORTH_WEST|18,26;17,25;16,24;15,23
NORTH_EAST|18,26;19,25;20,24;21,23
NORTH_WEST|20,26;19,25;18,24;17,23
NORTH_EAST|20,26;21,25;22,24;23,23
NORTH|21,26;21,25;21,24;21,23
NORTH_WEST|24,26;23,25;22,24;21,23
SOUTH|29,26;29,27;29,28;29,29
SOUTH_WEST|39,26;38,27;37,28;36,29
NORTH|54,26;54,25;54,24;54,23
NORTH_WEST|67,26;66,25;65,24;64,23
NORTH_WEST|70,26;69,25;68,24;67,23
SOUTH|83,26;83,27;83,28;83,29
EAST|83,26;84,26;85,26;86,26
SOUTH_WEST|107,26;106,27;105,28;104,29
SOUTH_WEST|109,26;108,27;107,28;106,29
SOUTH_EAST|114,26;115,27;116,28;117,29
NORTH_WEST|126,26;125,25;124,24;123,23
NORTH_EAST|130,26;131,25;132,24;133,23
NORTH_WEST|8,27;7,26;6,25;5,24
NORTH|11,27;11,26;11,25;11,24
SOUTH|40,27;40,28;40,29;40,30
SOUTH_WEST|43,27;42,28;41,29;40,30
NORTH_WEST|54,27;53,26;52,25;51,24
SOUTH_EAST|54,27;55,28;56,29;57,30
WEST|73,27;72,27;71,27;70,27
SOUTH_WEST|73,27;72,28;71,29;70,30
SOUTH_EAST|74,27;75,28;76,29;77,30
SOUTH_WEST|77,27;76,28;75,29;74,30
WEST|82,27;81,27;80,27;79,27
NORTH_WEST|95,27;94,26;93,25;92,24
NORTH_EAST|95,27;96,26;97,25;98,24
SOUTH_EAST|95,27;96,28;97,29;98,30
NORTH_WEST|99,27;98,26;97,25;96,24
NORTH_EAST|102,27;103,26;104,25;105,24
SOUTH_WEST|118,27;117,28;116,29;115,30
NORTH|128,27;128,26;128,25;128,24
EAST|128,27;129,27;130,27;131,27
NORTH_WEST|128,27;127,26;126,25;125,24
NORTH_EAST|0,28;1,27;2,26;3,25
SOUTH_EAST|0,28;1,29;2,30;3,31
NORTH_WEST|6,28;5,27;4,26;3,25
SOUTH_WEST|6,28;5,29;4,30;3,31
NORTH_WEST|21,28;20,27;19,26;18,25
SOUTH_WEST|24,28;23,29;22,30;21,31
NORTH|38,28;38,27;38,26;38,25
SOUTH_WEST|53,28;52,29;51,30;50,31
SOUTH|65,28;65,29;65,30;65,31
NORTH_WEST|65,28;64,27;63,26;62,25
SOUTH_EAST|65,28;66,29;67,30;68,31
NORTH_EAST|67,28;68,27;69,26;70,25
SOUTH|101,28;101,29;101,30;101,31
WEST|111,28;110,28;109,28;108,28
WEST|118,28;117,28;116,28;115,28
SOUTH|124,28;124,29;124,30;124,31
WEST|128,28;127,28;126,28;125,28
SOUTH_EAST|128,28;129,29;130,30;131,31
NORTH|129,28;129,27;129,26;129,25
SOUTH_WEST|6,29;5,30;4,31;3,32
NORTH_WEST|12,29;11,28;10,27;9,26
NORTH_WEST|15,29;14,28;13,27;12,26
SOUTH_EAST|15,29;16,30;17,31;18,32
EAST|42,29;43,29;44,29;45,29
NORTH|48,29;48,28;48,27;48,26
SOUTH_EAST|54,29;55,30;56,31;57,32
SOUTH_WEST|59,29;58,30;57,31;56,32
NORTH_WEST|77,29;76,28;75,27;74,26
NORTH_WEST|80,29;79,28;78,27;77,26
SOUTH_WEST|80,29;79,30;78,31;77,32
NORTH|120,29;120,28;120,27;120,26
SOUTH_EAST|11,30;12,31;13,32;14,33
WEST|26,30;25,30;24,30;23,30
NORTH|30,30;30,29;30,28;30,27
WEST|30,30;29,30;28,30;27,30
NORTH_EAST|30,30;31,29;32,28;33,27
NORTH_WEST|36,30;35,29;34,28;33,27
WEST|46,30;45,30;44,30;43,30
SOUTH_WEST|49,30;48,31;47,32;46,33
NORTH_WEST|87,30;86,29;85,28;84,27
SOUTH_EAST|106,30;107,31;108,32;109,33
NORTH|112,30;112,29;112,28;112,27
NORTH|113,30;113,29;113,28;113,27
NORTH_EAST|114,30;115,29;116,28;117,27
WEST|118,30;117,30;116,30;115,30
SOUTH_EAST|118,30;119,31;120,32;121,33
SOUTH|120,30;120,31;120,32;120,33
NORTH_EAST|128,30;129,29;130,28;131,27
WEST|13,31;12,31;11,31;10,31
WEST|19,31;18,31;17,31;16,31
NORTH_WEST|19,31;18,30;17,29;16,28
SOUTH_EAST|19,31;20,32;21,33;22,34
EAST|30,31;31,31;32,31;33,31
SOUTH_WEST|39,31;38,32;37,33;36,34
NORTH_EAST|83,31;84,30;85,29;86,28
SOUTH_EAST|83,31;84,32;85,33;86,34
EAST|85,31;86,31;87,31;88,31
SOUTH_WEST|85,31;84,32;83,33;82,34
WEST|91,31;90,31;89,31;88,31
SOUTH_WEST|132,31;131,32;130,33;129,34
NORTH_EAST|0,32;1,31;2,30;3,29
EAST|9,32;10,32;11,32;12,32
NORTH_WEST|19,32;18,31;17,30;16,29
NORTH_EAST|19,32;20,31;21,30;22,29
SOUTH_EAST|19,32;20,33;21,34;22,35
EAST|21,32;22,32;23,32;24,32
SOUTH_WEST|21,32;20,33;19,34;18,35
EAST|27,32;28,32;29,32;30,32
SOUTH_WEST|44,32;43,33;42,34;41,35
NORTH_WEST|67,32;66,31;65,30;64,29
WEST|97,32;96,32;95,32;94,32
NORTH_WEST|99,32;98,31;97,30;96,29
NORTH_EAST|101,32;102,31;103,30;104,29
SOUTH_WEST|101,32;100,33;99,34;98,35
NORTH|102,32;102,31;102,30;102,29
EAST|113,32;114,32;115,32;116,32
NORTH|119,32;119,31;119,30;119,29
WEST|119,32;118,32;117,32;116,32
SOUTH_EAST|122,32;123,33;124,34;125,35
EAST|11,33;12,33;13,33;14,33
EAST|19,33;20,33;21,33;22,33
SOUTH_WEST|19,33;18,34;17,35;16,36
WEST|56,33;55,33;54,33;53,33
NORTH_WEST|56,33;55,32;54,31;53,30
NORTH|72,33;72,32;72,31;72,30
NORTH_WEST|81,33;80,32;79,31;78,30
NORTH_WEST|89,33;88,32;87,31;86,30
SOUTH_EAST|89,33;90,34;91,35;92,36
SOUTH_EAST|92,33;93,34;94,35;95,36
SOUTH_EAST|99,33;100,34;101,35;102,36
SOUTH|102,33;102,34;102,35;102,36
SOUTH_EAST|108,33;109,34;110,35;111,36
SOUTH_WEST|110,33;109,34;108,35;107,36
SOUTH_WEST|112,33;111,34;110,35;109,36
SOUTH|113,33;113,34;113,35;113,36
SOUTH|132,33;132,34;132,35;132,36
SOUTH_WEST|132,33;131,34;130,35;129,36
NORTH|134,33;134,32;134,31;134,30
NORTH_EAST|134,33;135,32;136,31;137,30
NORTH|136,33;136,32;136,31;136,30
NORTH_WEST|136,33;135,32;134,31;133,30
NORTH|137,33;137,32;137,31;137,30
NORTH_WEST|137,33;136,32;135,31;134,30
SOUTH_WEST|3,34;2,35;1,36;0,37
EAST|17,34;18,34;19,34;20,34
SOUTH_EAST|48,34;49,35;50,36;51,37
NORTH_EAST|62,34;63,33;64,32;65,31
NORTH_WEST|68,34;67,33;66,32;65,31
WEST|74,34;73,34;72,34;71,34
SOUTH_WEST|74,34;73,35;72,36;71,37
NORTH_EAST|79,34;80,33;81,32;82,31
NORTH_EAST|106,34;107,33;108,32;109,31
SOUTH_EAST|117,34;118,35;119,36;120,37
SOUTH_EAST|128,34;129,35;130,36;131,37
EAST|1,35;2,35;3,35;4,35
NORTH_EAST|13,35;14,34;15,33;16,32
SOUTH_EAST|13,35;14,36;15,37;16,38
NORTH|26,35;26,34;26,33;26,32
SOUTH_WEST|28,35;27,36;26,37;25,38
SOUTH_EAST|37,35;38,36;39,37;40,38
SOUTH_EAST|53,35;54,36;55,37;56,38
EAST|56,35;57,35;58,35;59,35
SOUTH_EAST|68,35;69,36;70,37;71,38
SOUTH_WEST|72,35;71,36;70,37;69,38
SOUTH_EAST|78,35;79,36;80,37;81,38
NORTH_EAST|83,35;84,34;85,33;86,32
NORTH_WEST|89,35;88,34;87,33;86,32
NORTH_WEST|106,35;105,34;104,33;103,32
NORTH_WEST|119,35;118,34;117,33;116,32
SOUTH|134,35;134,36;134,37;134,38
WEST|134,35;133,35;132,35;131,35
SOUTH_EAST|134,35;135,36;136,37;137,38
NORTH|138,35;138,34;138,33;138,32
NORTH_WEST|3,36;2,35;1,34;0,33
SOUTH_WEST|3,36;2,37;1,38;0,39
NORTH_WEST|25,36;24,35;23,34;22,33
SOUTH_WEST|41,36;40,37;39,38;38,39
SOUTH_EAST|41,36;42,37;43,38;44,39
WEST|45,36;44,36;43,36;42,36
SOUTH_WEST|45,36;44,37;43,38;42,39
NORTH_EAST|47,36;48,35;49,34;50,33
WEST|60,36;59,36;58,36;57,36
NORTH_WEST|67,36;66,35;65,34;64,33
EAST|80,36;81,36;82,36;83,36
NORTH_WEST|80,36;79,35;78,34;77,33
SOUTH_WEST|94,36;93,37;92,38;91,39
SOUTH|110,36;110,37;110,38;110,39
NORTH_WEST|123,36;122,35;121,34;120,33
NORTH|124,36;124,35;124,34;124,33
WEST|3,37;2,37;1,37;0,37
SOUTH_EAST|13,37;14,38;15,39;16,40
NORTH_EAST|28,37;29,36;30,35;31,34
NORTH_WEST|32,37;31,36;30,35;29,34
NORTH_EAST|32,37;33,36;34,35;35,34
EAST|35,37;36,37;37,37;38,37
WEST|41,37;40,37;39,37;38,37
NORTH_WEST|41,37;40,36;39,35;38,34
SOUTH_EAST|41,37;42,38;43,39;44,40
NORTH_EAST|52,37;53,36;54,35;55,34
NORTH_EAST|53,37;54,36;55,35;56,34
SOUTH_WEST|66,37;65,38;64,39;63,40
NORTH_WEST|72,37;71,36;70,35;69,34
WEST|86,37;85,37;84,37;83,37
NORTH_EAST|86,37;87,36;88,35;89,34
SOUTH_WEST|91,37;90,38;89,39;88,40
SOUTH_WEST|97,37;96,38;95,39;94,40
SOUTH_EAST|97,37;98,38;99,39;100,40
SOUTH|98,37;98,38;98,39;98,40
SOUTH_WEST|101,37;100,38;99,39;98,40
SOUTH|119,37;119,38;119,39;119,40
SOUTH_WEST|123,37;122,38;121,39;120,40
NORTH_WEST|132,37;131,36;130,35;129,34
SOUTH_EAST|132,37;133,38;134,39;135,40
SOUTH|138,37;138,38;138,39;138,40
NORTH_WEST|10,38;9,37;8,36;7,35
EAST|22,38;23,38;24,38;25,38
EAST|30,38;31,38;32,38;33,38
NORTH_WEST|30,38;29,37;28,36;27,35
SOUTH_EAST|30,38;31,39;32,40;33,41
EAST|37,38;38,38;39,38;40,38
NORTH_WEST|41,38;40,37;39,36;38,35
NORTH_EAST|41,38;42,37;43,36;44,35
NORTH_EAST|48,38;49,37;50,36;51,35
SOUTH_WEST|49,38;48,39;47,40;46,41
EAST|53,38;54,38;55,38;56,38
EAST|58,38;59,38;60,38;61,38
SOUTH|104,38;104,39;104,40;104,41
NORTH_EAST|104,38;105,37;106,36;107,35
EAST|106,38;107,38;108,38;109,38
NORTH_EAST|106,38;107,37;108,36;109,35
WEST|112,38;111,38;110,38;109,38
WEST|116,38;115,38;114,38;113,38
WEST|3,39;2,39;1,39;0,39
SOUTH|22,39;22,40;22,41;22,42
WEST|59,39;58,39;57,39;56,39
NORTH_WEST|71,39;70,38;69,37;68,36
WEST|80,39;79,39;78,39;77,39
NORTH|88,39;88,38;88,37;88,36
WEST|88,39;87,39;86,39;85,39
NORTH_EAST|88,39;89,38;90,37;91,36
NORTH_EAST|92,39;93,38;94,37;95,36
SOUTH_EAST|92,39;93,40;94,41;95,42
NORTH_EAST|97,39;98,38;99,37;100,36
NORTH|111,39;111,38;111,37;111,36
NORTH_WEST|116,39;115,38;114,37;113,36
NORTH_WEST|132,39;131,38;130,37;129,36
NORTH_WEST|136,39;135,38;134,37;133,36
SOUTH_WEST|137,39;136,40;135,41;134,42
SOUTH|1,40;1,41;1,42;1,43
NORTH_EAST|1,40;2,39;3,38;4,37
NORTH_WEST|3,40;2,39;1,38;0,37
SOUTH_WEST|3,40;2,41;1,42;0,43
NORTH_EAST|4,40;5,39;6,38;7,37
SOUTH_WEST|4,40;3,41;2,42;1,43
NORTH|5,40;5,39;5,38;5,37
NORTH_EAST|5,40;6,39;7,38;8,37
NORTH_WEST|7,40;6,39;5,38;4,37
NORTH_WEST|10,40;9,39;8,38;7,37
EAST|27,40;28,40;29,40;30,40
NORTH|45,40;45,39;45,38;45,37
NORTH_WEST|48,40;47,39;46,38;45,37
NORTH|51,40;51,39;51,38;51,37
EAST|51,40;52,40;53,40;54,40
SOUTH_EAST|51,40;52,41;53,42;54,43
SOUTH_WEST|55,40;54,41;53,42;52,43
NORTH_EAST|71,40;72,39;73,38;74,37
SOUTH_EAST|71,40;72,41;73,42;74,43
SOUTH_WEST|73,40;72,41;71,42;70,43
WEST|77,40;76,40;75,40;74,40
NORTH_WEST|84,40;83,39;82,38;81,37
WEST|106,40;105,40;104,40;103,40
WEST|116,40;115,40;114,40;113,40
SOUTH_EAST|116,40;117,41;118,42;119,43
NORTH_WEST|123,40;122,39;121,38;120,37
NORTH_WEST|134,40;133,39;132,38;131,37
NORTH_EAST|13,41;14,40;15,39;16,38
NORTH_WEST|16,41;15,40;14,39;13,38
EAST|23,41;24,41;25,41;26,41
EAST|53,41;54,41;55,41;56,41
NORTH_WEST|59,41;58,40;57,39;56,38
SOUTH_WEST|59,41;58,42;57,43;56,44
NORTH_EAST|60,41;61,40;62,39;63,38
NORTH_WEST|84,41;83,40;82,39;81,38
NORTH_EAST|92,41;93,40;94,39;95,38
SOUTH_WEST|92,41;91,42;90,43;89,44
NORTH_WEST|98,41;97,40;96,39;95,38
SOUTH_EAST|98,41;99,42;100,43;101,44
NORTH_WEST|100,41;99,40;98,39;97,38
SOUTH_WEST|100,41;99,42;98,43;97,44
NORTH|109,41;109,40;109,39;109,38
NORTH_EAST|110,41;111,40;112,39;113,38
NORTH_WEST|116,41;115,40;114,39;113,38
NORTH_WEST|129,41;128,40;127,39;126,38
WEST|134,41;133,41;132,41;131,41
SOUTH_WEST|15,42;14,43;13,44;12,45
SOUTH_WEST|33,42;32,43;31,44;30,45
NORTH_WEST|39,42;38,41;37,40;36,39
NORTH_EAST|39,42;40,41;41,40;42,39
NORTH_WEST|41,42;40,41;39,40;38,39
SOUTH_EAST|46,42;47,43;48,44;49,45
SOUTH_EAST|50,42;51,43;52,44;53,45
WEST|64,42;63,42;62,42;61,42
SOUTH_EAST|64,42;65,43;66,44;67,45
SOUTH_WEST|129,42;128,43;127,44;126,45
SOUTH|5,43;5,44;5,45;5,46
SOUTH_EAST|5,43;6,44;7,45;8,46
SOUTH_WEST|7,43;6,44;5,45;4,46
SOUTH_EAST|22,43;23,44;24,45;25,46
NORTH_WEST|24,43;23,42;22,41;21,40
EAST|36,43;37,43;38,43;39,43
NORTH_WEST|59,43;58,42;57,41;56,40
EAST|71,43;72,43;73,43;74,43
NORTH_EAST|71,43;72,42;73,41;74,40
SOUTH_WEST|80,43;79,44;78,45;77,46
NORTH_EAST|85,43;86,42;87,41;88,40
SOUTH_WEST|88,43;87,44;86,45;85,46
EAST|92,43;93,43;94,43;95,43
NORTH_WEST|103,43;102,42;101,41;100,40
NORTH_EAST|116,43;117,42;118,41;119,40
NORTH_WEST|120,43;119,42;118,41;117,40
SOUTH_EAST|120,43;121,44;122,45;123,46
NORTH|121,43;121,42;121,41;121,40
SOUTH|132,43;132,44;132,45;132,46
EAST|11,44;12,44;13,44;14,44
EAST|26,44;27,44;28,44;29,44
SOUTH_WEST|44,44;43,45;42,46;41,47
NORTH_WEST|49,44;48,43;47,42;46,41
SOUTH|64,44;64,45;64,46;64,47
SOUTH|96,44;96,45;96,46;96,47
SOUTH_EAST|110,44;111,45;112,46;113,47
SOUTH_WEST|113,44;112,45;111,46;110,47
SOUTH_EAST|115,44;116,45;117,46;118,47
NORTH_EAST|123,44;124,43;125,42;126,41
EAST|128,44;129,44;130,44;131,44
NORTH_WEST|128,44;127,43;126,42;125,41
NORTH_EAST|128,44;129,43;130,42;131,41
SOUTH_WEST|136,44;135,45;134,46;133,47
NORTH_EAST|4,45;5,44;6,43;7,42
EAST|9,45;10,45;11,45;12,45
SOUTH|15,45;15,46;15,47;15,48
WEST|15,45;14,45;13,45;12,45
EAST|15,45;16,45;17,45;18,45
NORTH_WEST|20,45;19,44;18,43;17,42
EAST|22,45;23,45;24,45;25,45
NORTH_WEST|22,45;21,44;20,43;19,42
NORTH|38,45;38,44;38,43;38,42
NORTH_EAST|74,45;75,44;76,43;77,42
SOUTH_EAST|74,45;75,46;76,47;77,48
EAST|76,45;77,45;78,45;79,45
NORTH_WEST|80,45;79,44;78,43;77,42
NORTH_EAST|82,45;83,44;84,43;85,42
NORTH_WEST|88,45;87,44;86,43;85,42
SOUTH_EAST|88,45;89,46;90,47;91,48
NORTH_EAST|98,45;99,44;100,43;101,42
NORTH_EAST|105,45;106,44;107,43;108,42
NORTH_WEST|109,45;108,44;107,43;106,42
EAST|130,45;131,45;132,45;133,45
NORTH|134,45;134,44;134,43;134,42
NORTH_EAST|134,45;135,44;136,43;137,42
SOUTH_EAST|134,45;135,46;136,47;137,48
SOUTH|137,45;137,46;137,47;137,48
SOUTH_WEST|138,45;137,46;136,47;135,48
WEST|16,46;15,46;14,46;13,46
SOUTH|29,46;29,47;29,48;29,49
WEST|39,46;38,46;37,46;36,46
NORTH_EAST|39,46;40,45;41,44;42,43
SOUTH_WEST|39,46;38,47;37,48;36,49
NORTH_EAST|50,46;51,45;52,44;53,43
SOUTH_EAST|50,46;51,47;52,48;53,49
SOUTH_WEST|54,46;53,47;52,48;51,49
SOUTH|57,46;57,47;57,48;57,49
NORTH_WEST|57,46;56,45;55,44;54,43
SOUTH_WEST|57,46;56,47;55,48;54,49
NORTH_WEST|102,46;101,45;100,44;99,43
EAST|120,46;121,46;122,46;123,46
NORTH_WEST|120,46;119,45;118,44;117,43
NORTH_EAST|120,46;121,45;122,44;123,43
SOUTH|128,46;128,47;128,48;128,49
NORTH_WEST|128,46;127,45;126,44;125,43
SOUTH_WEST|128,46;127,47;126,48;125,49
SOUTH|3,47;3,48;3,49;3,50
SOUTH_WEST|10,47;9,48;8,49;7,50
SOUTH_EAST|10,47;11,48;12,49;13,50
SOUTH|11,47;11,48;11,49;11,50
NORTH_EAST|11,47;12,46;13,45;14,44
SOUTH|13,47;13,48;13,49;13,50
NORTH_WEST|13,47;12,46;11,45;10,44
NORTH_EAST|26,47;27,46;28,45;29,44
WEST|35,47;34,47;33,47;32,47
WEST|50,47;49,47;48,47;47,47
NORTH_EAST|55,47;56,46;57,45;58,44
NORTH_WEST|59,47;58,46;57,45;56,44
NORTH_EAST|59,47;60,46;61,45;62,44
NORTH|62,47;62,46;62,45;62,44
SOUTH_EAST|73,47;74,48;75,49;76,50
NORTH_EAST|79,47;80,46;81,45;82,44
NORTH_EAST|87,47;88,46;89,45;90,44
NORTH_WEST|91,47;90,46;89,45;88,44
SOUTH_EAST|91,47;92,48;93,49;94,50
NORTH_WEST|104,47;103,46;102,45;101,44
SOUTH|121,47;121,48;121,49;121,50
SOUTH_WEST|121,47;120,48;119,49;118,50
NORTH_EAST|22,48;23,47;24,46;25,45
NORTH_WEST|28,48;27,47;26,46;25,45
SOUTH|39,48;39,49;39,50;39,51
WEST|39,48;38,48;37,48;36,48
NORTH_WEST|39,48;38,47;37,46;36,45
SOUTH_EAST|39,48;40,49;41,50;42,51
SOUTH_EAST|40,48;41,49;42,50;43,51
NORTH_WEST|44,48;43,47;42,46;41,45
SOUTH_EAST|44,48;45,49;46,50;47,51
EAST|47,48;48,48;49,48;50,48
SOUTH_EAST|47,48;48,49;49,50;50,51
NORTH_EAST|51,48;52,47;53,46;54,45
SOUTH_WEST|51,48;50,49;49,50;48,51
SOUTH_EAST|51,48;52,49;53,50;54,51
SOUTH_WEST|64,48;63,49;62,50;61,51
EAST|65,48;66,48;67,48;68,48
NORTH_EAST|76,48;77,47;78,46;79,45
WEST|102,48;101,48;100,48;99,48
SOUTH_EAST|102,48;103,49;104,50;105,51
NORTH_EAST|114,48;115,47;116,46;117,45
SOUTH|0,49;0,50;0,51;0,52
NORTH_EAST|2,49;3,48;4,47;5,46
NORTH_EAST|17,49;18,48;19,47;20,46
WEST|69,49;68,49;67,49;66,49
SOUTH_EAST|76,49;77,50;78,51;79,52
SOUTH_WEST|81,49;80,50;79,51;78,52
SOUTH_EAST|91,49;92,50;93,51;94,52
SOUTH_WEST|104,49;103,50;102,51;101,52
SOUTH_EAST|104,49;105,50;106,51;107,52
NORTH_WEST|109,49;108,48;107,47;106,46
WEST|113,49;112,49;111,49;110,49
NORTH_WEST|113,49;112,48;111,47;110,46
SOUTH_EAST|115,49;116,50;117,51;118,52
SOUTH_EAST|132,49;133,50;134,51;135,52
SOUTH_EAST|19,50;20,51;21,52;22,53
SOUTH_WEST|23,50;22,51;21,52;20,53
SOUTH_EAST|23,50;24,51;25,52;26,53
SOUTH_WEST|25,50;24,51;23,52;22,53
EAST|31,50;32,50;33,50;34,50
NORTH_WEST|31,50;30,49;29,48;28,47
SOUTH_EAST|31,50;32,51;33,52;34,53
NORTH_WEST|47,50;46,49;45,48;44,47
SOUTH_WEST|50,50;49,51;48,52;47,53
NORTH_EAST|51,50;52,49;53,48;54,47
NORTH_WEST|57,50;56,49;55,48;54,47
SOUTH_EAST|70,50;71,51;72,52;73,53
NORTH_WEST|88,50;87,49;86,48;85,47
NORTH_EAST|93,50;94,49;95,48;96,47
SOUTH_WEST|100,50;99,51;98,52;97,53
NORTH_EAST|111,50;112,49;113,48;114,47
SOUTH|127,50;127,51;127,52;127,53
SOUTH_WEST|127,50;126,51;125,52;124,53
SOUTH_EAST|127,50;128,51;129,52;130,53
SOUTH_EAST|2,51;3,52;4,53;5,54
SOUTH_EAST|3,51;4,52;5,53;6,54
SOUTH|8,51;8,52;8,53;8,54
SOUTH|10,51;10,52;10,53;10,54
NORTH_EAST|23,51;24,50;25,49;26,48
EAST|25,51;26,51;27,51;28,51
SOUTH|57,51;57,52;57,53;57,54
SOUTH_EAST|70,51;71,52;72,53;73,54
NORTH_EAST|84,51;85,50;86,49;87,48
NORTH_EAST|88,51;89,50;90,49;91,48
NORTH|89,51;89,50;89,49;89,48
SOUTH_WEST|91,51;90,52;89,53;88,54
WEST|115,51;114,51;113,51;112,51
SOUTH_EAST|118,51;119,52;120,53;121,54
NORTH_EAST|122,51;123,50;124,49;125,48
NORTH|123,51;123,50;123,49;123,48
NORTH_WEST|138,51;137,50;136,49;135,48
SOUTH_WEST|138,51;137,52;136,53;135,54
NORTH|1,52;1,51;1,50;1,49
NORTH_EAST|18,52;19,51;20,50;21,49
SOUTH_WEST|36,52;35,53;34,54;33,55
NORTH_EAST|40,52;41,51;42,50;43,49
SOUTH_EAST|40,52;41,53;42,54;43,55
SOUTH_EAST|43,52;44,53;45,54;46,55
SOUTH|45,52;45,53;45,54;45,55
NORTH_WEST|45,52;44,51;43,50;42,49
SOUTH_EAST|45,52;46,53;47,54;48,55
SOUTH_WEST|50,52;49,53;48,54;47,55
NORTH_EAST|54,52;55,51;56,50;57,49
NORTH_WEST|63,52;62,51;61,50;60,49
NORTH_WEST|69,52;68,51;67,50;66,49
EAST|85,52;86,52;87,52;88,52
WEST|106,52;105,52;104,52;103,52
SOUTH_EAST|106,52;107,53;108,54;109,55
NORTH|110,52;110,51;110,50;110,49
NORTH_WEST|110,52;109,51;108,50;107,49
NORTH_EAST|2,53;3,52;4,51;5,50
SOUTH_EAST|2,53;3,54;4,55;5,56
NORTH_EAST|9,53;10,52;11,51;12,50
WEST|79,53;78,53;77,53;76,53
NORTH_EAST|79,53;80,52;81,51;82,50
NORTH|81,53;81,52;81,51;81,50
NORTH_WEST|81,53;80,52;79,51;78,50
NORTH_WEST|87,53;86,52;85,51;84,50
WEST|105,53;104,53;103,53;102,53
WEST|112,53;111,53;110,53;109,53
NORTH_WEST|115,53;114,52;113,51;112,50
NORTH_EAST|115,53;116,52;117,51;118,50
SOUTH_EAST|115,53;116,54;117,55;118,56
NORTH_WEST|122,53;121,52;120,51;119,50
SOUTH_EAST|122,53;123,54;124,55;125,56
SOUTH_EAST|132,53;133,54;134,55;135,56
NORTH_EAST|12,54;13,53;14,52;15,51
SOUTH_EAST|16,54;17,55;18,56;19,57
EAST|19,54;20,54;21,54;22,54
NORTH_WEST|19,54;18,53;17,52;16,51
SOUTH|27,54;27,55;27,56;27,57
NORTH_EAST|27,54;28,53;29,52;30,51
NORTH_EAST|28,54;29,53;30,52;31,51
NORTH_EAST|31,54;32,53;33,52;34,51
NORTH_WEST|33,54;32,53;31,52;30,51
NORTH_EAST|40,54;41,53;42,52;43,51
NORTH_WEST|46,54;45,53;44,52;43,51
NORTH_WEST|50,54;49,53;48,52;47,51
SOUTH_WEST|67,54;66,55;65,56;64,57
NORTH_WEST|69,54;68,53;67,52;66,51
WEST|79,54;78,54;77,54;76,54
SOUTH_WEST|79,54;78,55;77,56;76,57
EAST|102,54;103,54;104,54;105,54
EAST|132,54;133,54;134,54;135,54
NORTH|0,55;0,54;0,53;0,52
NORTH_EAST|2,55;3,54;4,53;5,52
SOUTH_EAST|2,55;3,56;4,57;5,58
SOUTH|11,55;11,56;11,57;11,58
NORTH_WEST|12,55;11,54;10,53;9,52
EAST|16,55;17,55;18,55;19,55
WEST|25,55;24,55;23,55;22,55
EAST|28,55;29,55;30,55;31,55
SOUTH_EAST|28,55;29,56;30,57;31,58
SOUTH_WEST|34,55;33,56;32,57;31,58
SOUTH|38,55;38,56;38,57;38,58
NORTH_WEST|82,55;81,54;80,53;79,52
WEST|86,55;85,55;84,55;83,55
SOUTH_WEST|86,55;85,56;84,57;83,58
SOUTH_EAST|86,55;87,56;88,57;89,58
EAST|104,55;105,55;106,55;107,55
EAST|115,55;116,55;117,55;118,55
NORTH_EAST|115,55;116,54;117,53;118,52
SOUTH|123,55;123,56;123,57;123,58
WEST|15,56;14,56;13,56;12,56
SOUTH_EAST|15,56;16,57;17,58;18,59
WEST|22,56;21,56;20,56;19,56
NORTH_EAST|23,56;24,55;25,54;26,53
NORTH|24,56;24,55;24,54;24,53
EAST|32,56;33,56;34,56;35,56
SOUTH|51,56;51,57;51,58;51,59
SOUTH|71,56;71,57;71,58;71,59
NORTH_WEST|76,56;75,55;74,54;73,53
EAST|93,56;94,56;95,56;96,56
SOUTH|97,56;97,57;97,58;97,59
SOUTH_EAST|97,56;98,57;99,58;100,59
SOUTH_WEST|99,56;98,57;97,58;96,59
WEST|131,56;130,56;129,56;128,56
SOUTH|0,57;0,58;0,59;0,60
NORTH_EAST|2,57;3,56;4,55;5,54
SOUTH_EAST|2,57;3,58;4,59;5,60
SOUTH_WEST|10,57;9,58;8,59;7,60
NORTH_WEST|58,57;57,56;56,55;55,54
EAST|61,57;62,57;63,57;64,57
SOUTH|75,57;75,58;75,59;75,60
NORTH_EAST|77,57;78,56;79,55;80,54
SOUTH_WEST|82,57;81,58;80,59;79,60
WEST|86,57;85,57;84,57;83,57
EAST|86,57;87,57;88,57;89,57
SOUTH_WEST|86,57;85,58;84,59;83,60
SOUTH_EAST|86,57;87,58;88,59;89,60
SOUTH_EAST|100,57;101,58;102,59;103,60
NORTH|122,57;122,56;122,55;122,54
NORTH_EAST|122,57;123,56;124,55;125,54
EAST|128,57;129,57;130,57;131,57
NORTH_EAST|132,57;133,56;134,55;135,54
SOUTH_EAST|132,57;133,58;134,59;135,60
NORTH_EAST|16,58;17,57;18,56;19,55
NORTH|42,58;42,57;42,56;42,55
NORTH|44,58;44,57;44,56;44,55
SOUTH_EAST|44,58;45,59;46,60;47,61
NORTH_EAST|46,58;47,57;48,56;49,55
SOUTH_WEST|46,58;45,59;44,60;43,61
WEST|50,58;49,58;48,58;47,58
NORTH_WEST|50,58;49,57;48,56;47,55
NORTH_EAST|52,58;53,57;54,56;55,55
SOUTH_EAST|54,58;55,59;56,60;57,61
SOUTH_WEST|60,58;59,59;58,60;57,61
NORTH_EAST|73,58;74,57;75,56;76,55
SOUTH_WEST|73,58;72,59;71,60;70,61
NORTH_WEST|79,58;78,57;77,56;76,55
SOUTH_EAST|94,58;95,59;96,60;97,61
NORTH_EAST|96,58;97,57;98,56;99,55
SOUTH_WEST|96,58;95,59;94,60;93,61
WEST|110,58;109,58;108,58;107,58
SOUTH_WEST|124,58;123,59;122,60;121,61
NORTH_EAST|2,59;3,58;4,57;5,56
SOUTH_WEST|3,59;2,60;1,61;0,62
NORTH_WEST|15,59;14,58;13,57;12,56
SOUTH_EAST|15,59;16,60;17,61;18,62
SOUTH|22,59;22,60;22,61;22,62
NORTH_WEST|22,59;21,58;20,57;19,56
WEST|34,59;33,59;32,59;31,59
NORTH_WEST|34,59;33,58;32,57;31,56
NORTH_EAST|34,59;35,58;36,57;37,56
WEST|50,59;49,59;48,59;47,59
NORTH_EAST|61,59;62,58;63,57;64,56
SOUTH_WEST|124,59;123,60;122,61;121,62
SOUTH_EAST|124,59;125,60;126,61;127,62
SOUTH_WEST|126,59;125,60;124,61;123,62
EAST|128,59;129,59;130,59;131,59
NORTH_WEST|128,59;127,58;126,57;125,56
SOUTH_EAST|128,59;129,60;130,61;131,62
NORTH_EAST|135,59;136,58;137,57;138,56
NORTH_WEST|137,59;136,58;135,57;134,56
NORTH|138,59;138,58;138,57;138,56
SOUTH|138,59;138,60;138,61;138,62
NORTH_WEST|138,59;137,58;136,57;135,56
SOUTH_WEST|138,59;137,60;136,61;135,62
NORTH|1,60;1,59;1,58;1,57
SOUTH_EAST|11,60;12,61;13,62;14,63
SOUTH_EAST|40,60;41,61;42,62;43,63
SOUTH_EAST|62,60;63,61;64,62;65,63
SOUTH|63,60;63,61;63,62;63,63
NORTH|91,60;91,59;91,58;91,57
SOUTH|91,60;91,61;91,62;91,63
NORTH_EAST|91,60;92,59;93,58;94,57
NORTH_WEST|92,60;91,59;90,58;89,57
NORTH|93,60;93,59;93,58;93,57
SOUTH_EAST|93,60;94,61;95,62;96,63
NORTH|95,60;95,59;95,58;95,57
SOUTH_WEST|95,60;94,61;93,62;92,63
NORTH|104,60;104,59;104,58;104,57
NORTH_EAST|104,60;105,59;106,58;107,57
WEST|134,60;133,60;132,60;131,60
NORTH_WEST|134,60;133,59;132,58;131,57
NORTH_EAST|8,61;9,60;10,59;11,58
SOUTH_EAST|8,61;9,62;10,63;11,64
SOUTH_EAST|19,61;20,62;21,63;22,64
NORTH_WEST|26,61;25,60;24,59;23,58
WEST|39,61;38,61;37,61;36,61
NORTH|67,61;67,60;67,59;67,58
NORTH|69,61;69,60;69,59;69,58
NORTH_WEST|69,61;68,60;67,59;66,58
EAST|77,61;78,61;79,61;80,61
WEST|86,61;85,61;84,61;83,61
NORTH_WEST|86,61;85,60;84,59;83,58
NORTH_EAST|86,61;87,60;88,59;89,58
NORTH|102,61;102,60;102,59;102,58
SOUTH_EAST|102,61;103,62;104,63;105,64
NORTH_EAST|111,61;112,60;113,59;114,58
NORTH|114,61;114,60;114,59;114,58
SOUTH|128,61;128,62;128,63;128,64
NORTH_EAST|128,61;129,60;130,59;131,58
SOUTH_EAST|128,61;129,62;130,63;131,64
SOUTH|2,62;2,63;2,64;2,65
WEST|6,62;5,62;4,62;3,62
SOUTH_WEST|7,62;6,63;5,64;4,65
WEST|21,62;20,62;19,62;18,62
WEST|34,62;33,62;32,62;31,62
NORTH_WEST|34,62;33,61;32,60;31,59
SOUTH|37,62;37,63;37,64;37,65
NORTH_EAST|37,62;38,61;39,60;40,59
NORTH_EAST|40,62;41,61;42,60;43,59
NORTH_EAST|54,62;55,61;56,60;57,59
SOUTH_WEST|54,62;53,63;52,64;51,65
EAST|57,62;58,62;59,62;60,62
NORTH_WEST|66,62;65,61;64,60;63,59
SOUTH|74,62;74,63;74,64;74,65
NORTH_WEST|74,62;73,61;72,60;71,59
SOUTH_EAST|74,62;75,63;76,64;77,65
WEST|81,62;80,62;79,62;78,62
SOUTH|85,62;85,63;85,64;85,65
NORTH_EAST|97,62;98,61;99,60;100,59
SOUTH_WEST|124,62;123,63;122,64;121,65
WEST|134,62;133,62;132,62;131,62
NORTH_WEST|134,62;133,61;132,60;131,59
WEST|3,63;2,63;1,63;0,63
NORTH_EAST|15,63;16,62;17,61;18,60
WEST|19,63;18,63;17,63;16,63
SOUTH_EAST|23,63;24,64;25,65;26,66
SOUTH_WEST|24,63;23,64;22,65;21,66
WEST|36,63;35,63;34,63;33,63
EAST|36,63;37,63;38,63;39,63
SOUTH_EAST|45,63;46,64;47,65;48,66
NORTH_EAST|50,63;51,62;52,61;53,60
SOUTH_EAST|57,63;58,64;59,65;60,66
WEST|61,63;60,63;59,63;58,63
WEST|73,63;72,63;71,63;70,63
NORTH|76,63;76,62;76,61;76,60
NORTH_WEST|76,63;75,62;74,61;73,60
SOUTH_EAST|98,63;99,64;100,65;101,66
NORTH_EAST|102,63;103,62;104,61;105,60
NORTH|103,63;103,62;103,61;103,60
NORTH_EAST|103,63;104,62;105,61;106,60
SOUTH_WEST|103,63;102,64;101,65;100,66
NORTH_WEST|108,63;107,62;106,61;105,60
WEST|116,63;115,63;114,63;113,63
SOUTH_EAST|116,63;117,64;118,65;119,66
NORTH|126,63;126,62;126,61;126,60
NORTH_WEST|131,63;130,62;129,61;128,60
SOUTH_EAST|10,64;11,65;12,66;13,67
SOUTH_EAST|13,64;14,65;15,66;16,67
SOUTH_EAST|34,64;35,65;36,66;37,67
NORTH_EAST|48,64;49,63;50,62;51,61
NORTH_WEST|50,64;49,63;48,62;47,61
NORTH_EAST|50,64;51,63;52,62;53,61
NORTH_EAST|61,64;62,63;63,62;64,61
SOUTH_EAST|61,64;62,65;63,66;64,67
NORTH_WEST|86,64;85,63;84,62;83,61
SOUTH|91,64;91,65;91,66;91,67
SOUTH_EAST|92,64;93,65;94,66;95,67
NORTH|93,64;93,63;93,62;93,61
SOUTH|93,64;93,65;93,66;93,67
NORTH_EAST|93,64;94,63;95,62;96,61
SOUTH_EAST|94,64;95,65;96,66;97,67
NORTH|95,64;95,63;95,62;95,61
SOUTH|95,64;95,65;95,66;95,67
NORTH_WEST|95,64;94,63;93,62;92,61
SOUTH_WEST|96,64;95,65;94,66;93,67
WEST|110,64;109,64;108,64;107,64
SOUTH_EAST|110,64;111,65;112,66;113,67
SOUTH_EAST|17,65;18,66;19,67;20,68
SOUTH_EAST|24,65;25,66;26,67;27,68
NORTH|31,65;31,64;31,63;31,62
EAST|34,65;35,65;36,65;37,65
SOUTH_WEST|45,65;44,66;43,67;42,68
SOUTH|57,65;57,66;57,67;57,68
NORTH_EAST|57,65;58,64;59,63;60,62
SOUTH_EAST|57,65;58,66;59,67;60,68
WEST|69,65;68,65;67,65;66,65
SOUTH_EAST|69,65;70,66;71,67;72,68
SOUTH|76,65;76,66;76,67;76,68
SOUTH_EAST|76,65;77,66;78,67;79,68
EAST|96,65;97,65;98,65;99,65
NORTH_WEST|103,65;102,64;101,63;100,62
SOUTH_WEST|105,65;104,66;103,67;102,68
NORTH_WEST|126,65;125,64;124,63;123,62
NORTH_EAST|2,66;3,65;4,64;5,63
NORTH|5,66;5,65;5,64;5,63
NORTH_WEST|8,66;7,65;6,64;5,63
NORTH_EAST|13,66;14,65;15,64;16,63
NORTH_WEST|14,66;13,65;12,64;11,63
NORTH_WEST|19,66;18,65;17,64;16,63
NORTH|29,66;29,65;29,64;29,63
NORTH_EAST|51,66;52,65;53,64;54,63
NORTH_WEST|73,66;72,65;71,64;70,63
WEST|114,66;113,66;112,66;111,66
SOUTH_WEST|121,66;120,67;119,68;118,69
SOUTH_EAST|121,66;122,67;123,68;124,69
SOUTH|123,66;123,67;123,68;123,69
SOUTH_WEST|123,66;122,67;121,68;120,69
SOUTH_EAST|123,66;124,67;125,68;126,69
SOUTH_WEST|125,66;124,67;123,68;122,69
SOUTH|127,66;127,67;127,68;127,69
EAST|127,66;128,66;129,66;130,66
SOUTH_WEST|127,66;126,67;125,68;124,69
SOUTH_EAST|127,66;128,67;129,68;130,69
SOUTH_EAST|1,67;2,68;3,69;4,70
SOUTH_EAST|3,67;4,68;5,69;6,70
SOUTH_WEST|7,67;6,68;5,69;4,70
SOUTH|8,67;8,68;8,69;8,70
NORTH_EAST|8,67;9,66;10,65;11,64
SOUTH|23,67;23,68;23,69;23,70
EAST|34,67;35,67;36,67;37,67
SOUTH_WEST|45,67;44,68;43,69;42,70
NORTH|49,67;49,66;49,65;49,64
SOUTH|65,67;65,68;65,69;65,70
WEST|100,67;99,67;98,67;97,67
NORTH|133,67;133,66;133,65;133,64
NORTH_EAST|133,67;134,66;135,65;136,64
SOUTH_WEST|14,68;13,69;12,70;11,71
EAST|24,68;25,68;26,68;27,68
EAST|29,68;30,68;31,68;32,68
WEST|38,68;37,68;36,68;35,68
NORTH|46,68;46,67;46,66;46,65
NORTH|75,68;75,67;75,66;75,65
WEST|75,68;74,68;73,68;72,68
NORTH_EAST|78,68;79,67;80,66;81,65
WEST|90,68;89,68;88,68;87,68
NORTH_WEST|90,68;89,67;88,66;87,65
SOUTH_EAST|101,68;102,69;103,70;104,71
NORTH|120,68;120,67;120,66;120,65
NORTH_WEST|124,68;123,67;122,66;121,65
WEST|133,68;132,68;131,68;130,68
EAST|133,68;134,68;135,68;136,68
SOUTH_WEST|16,69;15,70;14,71;13,72
SOUTH_EAST|27,69;28,70;29,71;30,72
SOUTH_WEST|29,69;28,70;27,71;26,72
WEST|33,69;32,69;31,69;30,69
EAST|41,69;42,69;43,69;44,69
NORTH_EAST|51,69;52,68;53,67;54,66
NORTH|54,69;54,68;54,67;54,66
SOUTH|62,69;62,70;62,71;62,72
NORTH_WEST|62,69;61,68;60,67;59,66
SOUTH_EAST|94,69;95,70;96,71;97,72
WEST|98,69;97,69;96,69;95,69
SOUTH_EAST|98,69;99,70;100,71;101,72
NORTH_EAST|108,69;109,68;110,67;111,66
NORTH_EAST|10,70;11,69;12,68;13,67
NORTH_WEST|14,70;13,69;12,68;11,67
NORTH_EAST|19,70;20,69;21,68;22,67
NORTH_WEST|33,70;32,69;31,68;30,67
NORTH_EAST|37,70;38,69;39,68;40,67
SOUTH|55,70;55,71;55,72;55,73
SOUTH_EAST|55,70;56,71;57,72;58,73
SOUTH|58,70;58,71;58,72;58,73
EAST|71,70;72,70;73,70;74,70
NORTH_EAST|71,70;72,69;73,68;74,67
EAST|76,70;77,70;78,70;79,70
SOUTH_EAST|92,70;93,71;94,72;95,73
NORTH|93,70;93,69;93,68;93,67
NORTH_WEST|98,70;97,69;96,68;95,67
SOUTH_WEST|98,70;97,71;96,72;95,73
SOUTH_WEST|104,70;103,71;102,72;101,73
EAST|105,70;106,70;107,70;108,70
SOUTH_WEST|110,70;109,71;108,72;107,73
EAST|125,70;126,70;127,70;128,70
SOUTH_EAST|132,70;133,71;134,72;135,73
SOUTH_WEST|5,71;4,72;3,73;2,74
SOUTH_EAST|7,71;8,72;9,73;10,74
SOUTH_WEST|9,71;8,72;7,73;6,74
SOUTH_EAST|9,71;10,72;11,73;12,74
SOUTH_WEST|13,71;12,72;11,73;10,74
NORTH|15,71;15,70;15,69;15,68
NORTH_EAST|15,71;16,70;17,69;18,68
NORTH_WEST|25,71;24,70;23,69;22,68
NORTH_WEST|45,71;44,70;43,69;42,68
SOUTH_WEST|45,71;44,72;43,73;42,74
SOUTH_WEST|49,71;48,72;47,73;46,74
SOUTH|87,71;87,72;87,73;87,74
WEST|92,71;91,71;90,71;89,71
NORTH_EAST|94,71;95,70;96,69;97,68
SOUTH_WEST|94,71;93,72;92,73;91,74
NORTH|112,71;112,70;112,69;112,68
NORTH_EAST|112,71;113,70;114,69;115,68
SOUTH_WEST|31,72;30,73;29,74;28,75
SOUTH_EAST|31,72;32,73;33,74;34,75
NORTH_EAST|34,72;35,71;36,70;37,69
NORTH|36,72;36,71;36,70;36,69
NORTH_WEST|51,72;50,71;49,70;48,69
NORTH|53,72;53,71;53,70;53,69
NORTH_WEST|53,72;52,71;51,70;50,69
NORTH_WEST|56,72;55,71;54,70;53,69
SOUTH|69,72;69,73;69,74;69,75
NORTH_EAST|71,72;72,71;73,70;74,69
EAST|73,72;74,72;75,72;76,72
EAST|86,72;87,72;88,72;89,72
EAST|98,72;99,72;100,72;101,72
NORTH_WEST|98,72;97,71;96,70;95,69
SOUTH_WEST|98,72;97,73;96,74;95,75
SOUTH_EAST|98,72;99,73;100,74;101,75
WEST|107,72;106,72;105,72;104,72
EAST|112,72;113,72;114,72;115,72
NORTH_EAST|121,72;122,71;123,70;124,69
SOUTH_WEST|124,72;123,73;122,74;121,75
NORTH_WEST|126,72;125,71;124,70;123,69
NORTH_EAST|27,73;28,72;29,71;30,70
NORTH_WEST|29,73;28,72;27,71;26,70
SOUTH_EAST|34,73;35,74;36,75;37,76
SOUTH|36,73;36,74;36,75;36,76
NORTH_WEST|45,73;44,72;43,71;42,70
WEST|61,73;60,73;59,73;58,73
SOUTH_EAST|61,73;62,74;63,75;64,76
SOUTH_WEST|85,73;84,74;83,75;82,76
NORTH_WEST|86,73;85,72;84,71;83,70
SOUTH_WEST|86,73;85,74;84,75;83,76
WEST|98,73;97,73;96,73;95,73
EAST|98,73;99,73;100,73;101,73
SOUTH_EAST|98,73;99,74;100,75;101,76
SOUTH_WEST|110,73;109,74;108,75;107,76
SOUTH_WEST|138,73;137,74;136,75;135,76
SOUTH_EAST|31,74;32,75;33,76;34,77
SOUTH|49,74;49,75;49,76;49,77
SOUTH|70,74;70,75;70,76;70,77
EAST|98,74;99,74;100,74;101,74
NORTH_WEST|98,74;97,73;96,72;95,71
SOUTH_EAST|98,74;99,75;100,76;101,77
SOUTH_WEST|104,74;103,75;102,76;101,77
NORTH_WEST|121,74;120,73;119,72;118,71
NORTH_EAST|121,74;122,73;123,72;124,71
NORTH_WEST|130,74;129,73;128,72;127,71
NORTH_WEST|134,74;133,73;132,72;131,71
NORTH_WEST|5,75;4,74;3,73;2,72
SOUTH_WEST|5,75;4,76;3,77;2,78
SOUTH_EAST|5,75;6,76;7,77;8,78
NORTH_WEST|18,75;17,74;16,73;15,72
NORTH_EAST|18,75;19,74;20,73;21,72
NORTH_EAST|22,75;23,74;24,73;25,72
SOUTH_EAST|24,75;25,76;26,77;27,78
SOUTH_EAST|25,75;26,76;27,77;28,78
SOUTH|29,75;29,76;29,77;29,78
SOUTH_WEST|29,75;28,76;27,77;26,78
EAST|31,75;32,75;33,75;34,75
SOUTH_WEST|31,75;30,76;29,77;28,78
NORTH|40,75;40,74;40,73;40,72
SOUTH|47,75;47,76;47,77;47,78
NORTH_EAST|57,75;58,74;59,73;60,72
NORTH_EAST|73,75;74,74;75,73;76,72
NORTH_EAST|78,75;79,74;80,73;81,72
NORTH_WEST|81,75;80,74;79,73;78,72
SOUTH_EAST|90,75;91,76;92,77;93,78
NORTH_WEST|94,75;93,74;92,73;91,72
NORTH_EAST|94,75;95,74;96,73;97,72
SOUTH_WEST|94,75;93,76;92,77;91,78
SOUTH_EAST|94,75;95,76;96,77;97,78
SOUTH_WEST|96,75;95,76;94,77;93,78
SOUTH|130,75;130,76;130,77;130,78
SOUTH_WEST|131,75;130,76;129,77;128,78
WEST|138,75;137,75;136,75;135,75
NORTH|0,76;0,75;0,74;0,73
NORTH_WEST|24,76;23,75;22,74;21,73
NORTH_EAST|50,76;51,75;52,74;53,73
NORTH_EAST|52,76;53,75;54,74;55,73
NORTH|54,76;54,75;54,74;54,73
NORTH_WEST|54,76;53,75;52,74;51,73
NORTH_WEST|56,76;55,75;54,74;53,73
SOUTH|67,76;67,77;67,78;67,79
NORTH_WEST|67,76;66,75;65,74;64,73
NORTH_EAST|67,76;68,75;69,74;70,73
SOUTH|72,76;72,77;72,78;72,79
SOUTH|74,76;74,77;74,78;74,79
EAST|74,76;75,76;76,76;77,76
SOUTH_WEST|74,76;73,77;72,78;71,79
NORTH_EAST|88,76;89,75;90,74;91,73
NORTH_EAST|90,76;91,75;92,74;93,73
NORTH_EAST|104,76;105,75;106,74;107,73
NORTH_WEST|112,76;111,75;110,74;109,73
NORTH_EAST|112,76;113,75;114,74;115,73
NORTH_EAST|125,76;126,75;127,74;128,73
SOUTH_WEST|125,76;124,77;123,78;122,79
WEST|5,77;4,77;3,77;2,77
NORTH_WEST|5,77;4,76;3,75;2,74
SOUTH_EAST|5,77;6,78;7,79;8,80
NORTH_WEST|8,77;7,76;6,75;5,74
SOUTH_EAST|8,77;9,78;10,79;11,80
NORTH_EAST|12,77;13,76;14,75;15,74
NORTH|13,77;13,76;13,75;13,74
EAST|22,77;23,77;24,77;25,77
SOUTH_WEST|22,77;21,78;20,79;19,80
SOUTH|30,77;30,78;30,79;30,80
EAST|31,77;32,77;33,77;34,77
EAST|40,77;41,77;42,77;43,77
SOUTH_WEST|52,77;51,78;50,79;49,80
NORTH_WEST|86,77;85,76;84,75;83,74
SOUTH_WEST|86,77;85,78;84,79;83,80
NORTH_EAST|98,77;99,76;100,75;101,74
SOUTH_WEST|113,77;112,78;111,79;110,80
NORTH_WEST|33,78;32,77;31,76;30,75
NORTH_EAST|40,78;41,77;42,76;43,75
SOUTH_EAST|40,78;41,79;42,80;43,81
WEST|44,78;43,78;42,78;41,78
SOUTH_EAST|44,78;45,79;46,80;47,81
WEST|63,78;62,78;61,78;60,78
SOUTH_WEST|63,78;62,79;61,80;60,81
SOUTH_EAST|63,78;64,79;65,80;66,81
NORTH|71,78;71,77;71,76;71,75
SOUTH_WEST|77,78;76,79;75,80;74,81
SOUTH_WEST|84,78;83,79;82,80;81,81
SOUTH|87,78;87,79;87,80;87,81
SOUTH|90,78;90,79;90,80;90,81
SOUTH_WEST|90,78;89,79;88,80;87,81
SOUTH|96,78;96,79;96,80;96,81
NORTH_EAST|98,78;99,77;100,76;101,75
SOUTH_WEST|99,78;98,79;97,80;96,81
NORTH_WEST|100,78;99,77;98,76;97,75
EAST|102,78;103,78;104,78;105,78
NORTH_EAST|109,78;110,77;111,76;112,75
SOUTH_EAST|111,78;112,79;113,80;114,81
NORTH_EAST|116,78;117,77;118,76;119,75
NORTH_EAST|118,78;119,77;120,76;121,75
SOUTH_EAST|118,78;119,79;120,80;121,81
NORTH_WEST|120,78;119,77;118,76;117,75
NORTH_EAST|120,78;121,77;122,76;123,75
NORTH_WEST|125,78;124,77;123,76;122,75
NORTH_WEST|138,78;137,77;136,76;135,75
SOUTH_WEST|138,78;137,79;136,80;135,81
SOUTH_EAST|3,79;4,80;5,81;6,82
NORTH_EAST|16,79;17,78;18,77;19,76
SOUTH_EAST|24,79;25,80;26,81;27,82
NORTH|36,79;36,78;36,77;36,76
NORTH_EAST|36,79;37,78;38,77;39,76
WEST|46,79;45,79;44,79;43,79
NORTH_EAST|77,79;78,78;79,77;80,76
NORTH_EAST|128,79;129,78;130,77;131,76
SOUTH_EAST|128,79;129,80;130,81;131,82
NORTH|129,79;129,78;129,77;129,76
SOUTH_WEST|129,79;128,80;127,81;126,82
SOUTH|130,79;130,80;130,81;130,82
NORTH_WEST|132,79;131,78;130,77;129,76
SOUTH_WEST|37,80;36,81;35,82;34,83
WEST|54,80;53,80;52,80;51,80
SOUTH_EAST|54,80;55,81;56,82;57,83
NORTH_WEST|56,80;55,79;54,78;53,77
NORTH_WEST|63,80;62,79;61,78;60,77
SOUTH_WEST|63,80;62,81;61,82;60,83
NORTH|68,80;68,79;68,78;68,77
WEST|72,80;71,80;70,80;69,80
NORTH|89,80;89,79;89,78;89,77
SOUTH_WEST|89,80;88,81;87,82;86,83
SOUTH_EAST|102,80;103,81;104,82;105,83
SOUTH|103,80;103,81;103,82;103,83
WEST|107,80;106,80;105,80;104,80
SOUTH_WEST|108,80;107,81;106,82;105,83
NORTH_EAST|119,80;120,79;121,78;122,77
SOUTH_EAST|119,80;120,81;121,82;122,83
NORTH_WEST|121,80;120,79;119,78;118,77
NORTH_WEST|125,80;124,79;123,78;122,77
SOUTH_EAST|125,80;126,81;127,82;128,83
NORTH|7,81;7,80;7,79;7,78
SOUTH_EAST|11,81;12,82;13,83;14,84
SOUTH_EAST|14,81;15,82;16,83;17,84
NORTH_WEST|27,81;26,80;25,79;24,78
NORTH_EAST|28,81;29,80;30,79;31,78
NORTH|29,81;29,80;29,79;29,78
NORTH_EAST|42,81;43,80;44,79;45,78
EAST|48,81;49,81;50,81;51,81
SOUTH|91,81;91,82;91,83;91,84
EAST|91,81;92,81;93,81;94,81
NORTH_WEST|129,81;128,80;127,79;126,78
NORTH_EAST|131,81;132,80;133,79;134,78
NORTH_WEST|3,82;2,81;1,80;0,79
WEST|11,82;10,82;9,82;8,82
SOUTH_EAST|18,82;19,83;20,84;21,85
NORTH_WEST|68,82;67,81;66,80;65,79
NORTH_EAST|68,82;69,81;70,80;71,79
NORTH_WEST|69,82;68,81;67,80;66,79
SOUTH_EAST|73,82;74,83;75,84;76,85
SOUTH|75,82;75,83;75,84;75,85
SOUTH_EAST|75,82;76,83;77,84;78,85
WEST|80,82;79,82;78,82;77,82
WEST|101,82;100,82;99,82;98,82
WEST|116,82;115,82;114,82;113,82
NORTH|117,82;117,81;117,80;117,79
SOUTH_WEST|118,82;117,83;116,84;115,85
NORTH_WEST|119,82;118,81;117,80;116,79
NORTH|123,82;123,81;123,80;123,79
EAST|123,82;124,82;125,82;126,82
SOUTH|2,83;2,84;2,85;2,86
NORTH_WEST|11,83;10,82;9,81;8,80
EAST|14,83;15,83;16,83;17,83
NORTH_WEST|14,83;13,82;12,81;11,80
NORTH_EAST|24,83;25,82;26,81;27,80
EAST|64,83;65,83;66,83;67,83
SOUTH_WEST|68,83;67,84;66,85;65,86
SOUTH_WEST|89,83;88,84;87,85;86,86
NORTH_EAST|107,83;108,82;109,81;110,80
NORTH|109,83;109,82;109,81;109,80
EAST|109,83;110,83;111,83;112,83
NORTH_EAST|3,84;4,83;5,82;6,81
NORTH_WEST|6,84;5,83;4,82;3,81
SOUTH_EAST|6,84;7,85;8,86;9,87
SOUTH_EAST|11,84;12,85;13,86;14,87
WEST|22,84;21,84;20,84;19,84
NORTH_WEST|50,84;49,83;48,82;47,81
NORTH_EAST|50,84;51,83;52,82;53,81
SOUTH_WEST|50,84;49,85;48,86;47,87
NORTH_WEST|54,84;53,83;52,82;51,81
NORTH_EAST|55,84;56,83;57,82;58,81
NORTH_EAST|60,84;61,83;62,82;63,81
SOUTH_EAST|60,84;61,85;62,86;63,87
NORTH_WEST|63,84;62,83;61,82;60,81
NORTH_WEST|66,84;65,83;64,82;63,81
SOUTH_WEST|66,84;65,85;64,86;63,87
NORTH|74,84;74,83;74,82;74,81
SOUTH_WEST|87,84;86,85;85,86;84,87
SOUTH_EAST|93,84;94,85;95,86;96,87
SOUTH|94,84;94,85;94,86;94,87
SOUTH_WEST|97,84;96,85;95,86;94,87
NORTH_WEST|105,84;104,83;103,82;102,81
NORTH_EAST|112,84;113,83;114,82;115,81
NORTH_EAST|125,84;126,83;127,82;128,81
SOUTH_WEST|125,84;124,85;123,86;122,87
EAST|130,84;131,84;132,84;133,84
NORTH|8,85;8,84;8,83;8,82
WEST|8,85;7,85;6,85;5,85
SOUTH|25,85;25,86;25,87;25,88
NORTH_EAST|25,85;26,84;27,83;28,82
NORTH_EAST|28,85;29,84;30,83;31,82
SOUTH_WEST|28,85;27,86;26,87;25,88
NORTH_WEST|34,85;33,84;32,83;31,82
SOUTH_WEST|34,85;33,86;32,87;31,88
SOUTH_WEST|41,85;40,86;39,87;38,88
SOUTH_EAST|41,85;42,86;43,87;44,88
WEST|93,85;92,85;91,85;90,85
SOUTH|105,85;105,86;105,87;105,88
SOUTH_WEST|106,85;105,86;104,87;103,88
EAST|110,85;111,85;112,85;113,85
NORTH_WEST|110,85;109,84;108,83;107,82
NORTH_EAST|127,85;128,84;129,83;130,82
WEST|22,86;21,86;20,86;19,86
WEST|41,86;40,86;39,86;38,86
NORTH_WEST|41,86;40,85;39,84;38,83
SOUTH_EAST|41,86;42,87;43,88;44,89
NORTH_EAST|49,86;50,85;51,84;52,83
SOUTH_WEST|49,86;48,87;47,88;46,89
SOUTH|73,86;73,87;73,88;73,89
NORTH_WEST|75,86;74,85;73,84;72,83
SOUTH_WEST|89,86;88,87;87,88;86,89
NORTH_EAST|93,86;94,85;95,84;96,83
NORTH_WEST|97,86;96,85;95,84;94,83
WEST|104,86;103,86;102,86;101,86
SOUTH_EAST|126,86;127,87;128,88;129,89
SOUTH_WEST|128,86;127,87;126,88;125,89
SOUTH_WEST|132,86;131,87;130,88;129,89
NORTH_WEST|22,87;21,86;20,85;19,84
EAST|30,87;31,87;32,87;33,87
SOUTH_WEST|34,87;33,88;32,89;31,90
SOUTH_EAST|35,87;36,88;37,89;38,90
WEST|55,87;54,87;53,87;52,87
SOUTH_WEST|62,87;61,88;60,89;59,90
SOUTH_EAST|62,87;63,88;64,89;65,90
NORTH_EAST|69,87;70,86;71,85;72,84
SOUTH_WEST|71,87;70,88;69,89;68,90
WEST|87,87;86,87;85,87;84,87
NORTH_EAST|87,87;88,86;89,85;90,84
SOUTH_EAST|91,87;92,88;93,89;94,90
NORTH_EAST|95,87;96,86;97,85;98,84
SOUTH_WEST|95,87;94,88;93,89;92,90
WEST|102,87;101,87;100,87;99,87
SOUTH_EAST|112,87;113,88;114,89;115,90
NORTH|119,87;119,86;119,85;119,84
NORTH_EAST|2,88;3,87;4,86;5,85
NORTH_EAST|11,88;12,87;13,86;14,85
EAST|20,88;21,88;22,88;23,88
SOUTH_WEST|39,88;38,89;37,90;36,91
NORTH|45,88;45,87;45,86;45,85
EAST|62,88;63,88;64,88;65,88
NORTH_WEST|62,88;61,87;60,86;59,85
NORTH_EAST|100,88;101,87;102,86;103,85
SOUTH_EAST|104,88;105,89;106,90;107,91
SOUTH|108,88;108,89;108,90;108,91
NORTH_EAST|110,88;111,87;112,86;113,85
SOUTH_WEST|110,88;109,89;108,90;107,91
WEST|114,88;113,88;112,88;111,88
NORTH_WEST|116,88;115,87;114,86;113,85
NORTH|121,88;121,87;121,86;121,85
NORTH_WEST|125,88;124,87;123,86;122,85
NORTH_EAST|125,88;126,87;127,86;128,85
SOUTH_EAST|127,88;128,89;129,90;130,91
NORTH_WEST|129,88;128,87;127,86;126,85
SOUTH_EAST|129,88;130,89;131,90;132,91
NORTH|131,88;131,87;131,86;131,85
SOUTH_WEST|135,88;134,89;133,90;132,91
NORTH_EAST|25,89;26,88;27,87;28,86
NORTH|26,89;26,88;26,87;26,86
NORTH_WEST|27,89;26,88;25,87;24,86
NORTH_WEST|31,89;30,88;29,87;28,86
NORTH_WEST|34,89;33,88;32,87;31,86
WEST|39,89;38,89;37,89;36,89
SOUTH_WEST|79,89;78,90;77,91;76,92
WEST|92,89;91,89;90,89;89,89
SOUTH_EAST|119,89;120,90;121,91;122,92
EAST|122,89;123,89;124,89;125,89
SOUTH_EAST|122,89;123,90;124,91;125,92
NORTH_EAST|1,90;2,89;3,88;4,87
NORTH_WEST|3,90;2,89;1,88;0,87
NORTH_EAST|10,90;11,89;12,88;13,87
NORTH_WEST|16,90;15,89;14,88;13,87
NORTH_WEST|18,90;17,89;16,88;15,87
SOUTH_WEST|39,90;38,91;37,92;36,93
WEST|71,90;70,90;69,90;68,90
SOUTH_EAST|91,90;92,91;93,92;94,93
SOUTH_EAST|93,90;94,91;95,92;96,93
SOUTH_WEST|95,90;94,91;93,92;92,93
SOUTH|96,90;96,91;96,92;96,93
SOUTH_EAST|96,90;97,91;98,92;99,93
NORTH|97,90;97,89;97,88;97,87
SOUTH_WEST|97,90;96,91;95,92;94,93
SOUTH|101,90;101,91;101,92;101,93
NORTH_WEST|121,90;120,89;119,88;118,87
NORTH|130,90;130,89;130,88;130,87
WEST|135,90;134,90;133,90;132,90
NORTH_WEST|136,90;135,89;134,88;133,87
NORTH_WEST|35,91;34,90;33,89;32,88
NORTH_EAST|35,91;36,90;37,89;38,88
SOUTH|39,91;39,92;39,93;39,94
WEST|39,91;38,91;37,91;36,91
SOUTH_WEST|42,91;41,92;40,93;39,94
SOUTH_EAST|42,91;43,92;44,93;45,94
NORTH_WEST|58,91;57,90;56,89;55,88
NORTH_EAST|62,91;63,90;64,89;65,88
SOUTH_EAST|74,91;75,92;76,93;77,94
NORTH_EAST|75,91;76,90;77,89;78,88
NORTH|81,91;81,90;81,89;81,88
NORTH_WEST|84,91;83,90;82,89;81,88
SOUTH|88,91;88,92;88,93;88,94
NORTH_EAST|88,91;89,90;90,89;91,88
SOUTH|90,91;90,92;90,93;90,94
NORTH_WEST|104,91;103,90;102,89;101,88
NORTH_WEST|114,91;113,90;112,89;111,88
SOUTH_WEST|114,91;113,92;112,93;111,94
SOUTH_EAST|115,91;116,92;117,93;118,94
SOUTH|116,91;116,92;116,93;116,94
SOUTH|119,91;119,92;119,93;119,94
SOUTH_WEST|119,91;118,92;117,93;116,94
SOUTH_WEST|122,91;121,92;120,93;119,94
SOUTH_EAST|131,91;132,92;133,93;134,94
EAST|133,91;134,91;135,91;136,91
SOUTH_EAST|133,91;134,92;135,93;136,94
SOUTH_WEST|6,92;5,93;4,94;3,95
NORTH|40,92;40,91;40,90;40,89
NORTH_EAST|44,92;45,91;46,90;47,89
NORTH|53,92;53,91;53,90;53,89
WEST|65,92;64,92;63,92;62,92
SOUTH_EAST|74,92;75,93;76,94;77,95
NORTH|99,92;99,91;99,90;99,89
SOUTH_WEST|105,92;104,93;103,94;102,95
EAST|108,92;109,92;110,92;111,92
SOUTH_WEST|127,92;126,93;125,94;124,95
NORTH_WEST|135,92;134,91;133,90;132,89
SOUTH|15,93;15,94;15,95;15,96
SOUTH_WEST|15,93;14,94;13,95;12,96
SOUTH|16,93;16,94;16,95;16,96
EAST|23,93;24,93;25,93;26,93
NORTH|59,93;59,92;59,91;59,90
NORTH_WEST|59,93;58,92;57,91;56,90
SOUTH_WEST|60,93;59,94;58,95;57,96
NORTH_WEST|62,93;61,92;60,91;59,90
SOUTH|63,93;63,94;63,95;63,96
SOUTH_EAST|74,93;75,94;76,95;77,96
NORTH|80,93;80,92;80,91;80,90
SOUTH_WEST|80,93;79,94;78,95;77,96
SOUTH|87,93;87,94;87,95;87,96
SOUTH_WEST|111,93;110,94;109,95;108,96
SOUTH|115,93;115,94;115,95;115,96
NORTH_EAST|115,93;116,92;117,91;118,90
SOUTH_EAST|123,93;124,94;125,95;126,96
SOUTH|138,93;138,94;138,95;138,96
SOUTH_WEST|29,94;28,95;27,96;26,97
SOUTH_EAST|89,94;90,95;91,96;92,97
WEST|93,94;92,94;91,94;90,94
NORTH|98,94;98,93;98,92;98,91
SOUTH_EAST|98,94;99,95;100,96;101,97
WEST|105,94;104,94;103,94;102,94
NORTH_EAST|105,94;106,93;107,92;108,91
NORTH_EAST|127,94;128,93;129,92;130,91
NORTH_EAST|9,95;10,94;11,93;12,92
SOUTH_EAST|23,95;24,96;25,97;26,98
SOUTH_WEST|32,95;31,96;30,97;29,98
NORTH|50,95;50,94;50,93;50,92
SOUTH_WEST|62,95;61,96;60,97;59,98
EAST|74,95;75,95;76,95;77,95
NORTH_WEST|74,95;73,94;72,93;71,92
NORTH_EAST|74,95;75,94;76,93;77,92
NORTH_WEST|80,95;79,94;78,93;77,92
NORTH_EAST|80,95;81,94;82,93;83,92
SOUTH_EAST|80,95;81,96;82,97;83,98
WEST|86,95;85,95;84,95;83,95
NORTH_EAST|86,95;87,94;88,93;89,92
SOUTH_WEST|86,95;85,96;84,97;83,98
NORTH|114,95;114,94;114,93;114,92
NORTH_WEST|114,95;113,94;112,93;111,92
NORTH_EAST|114,95;115,94;116,93;117,92
NORTH_EAST|3,96;4,95;5,94;6,93
NORTH_WEST|9,96;8,95;7,94;6,93
NORTH|18,96;18,95;18,94;18,93
NORTH|28,96;28,95;28,94;28,93
WEST|56,96;55,96;54,96;53,96
WEST|60,96;59,96;58,96;57,96
EAST|60,96;61,96;62,96;63,96
WEST|66,96;65,96;64,96;63,96
WEST|80,96;79,96;78,96;77,96
SOUTH_WEST|80,96;79,97;78,98;77,99
EAST|84,96;85,96;86,96;87,96
SOUTH_EAST|84,96;85,97;86,98;87,99
NORTH_EAST|93,96;94,95;95,94;96,93
NORTH_WEST|97,96;96,95;95,94;94,93
WEST|102,96;101,96;100,96;99,96
NORTH_WEST|102,96;101,95;100,94;99,93
SOUTH_WEST|109,96;108,97;107,98;106,99
NORTH_WEST|111,96;110,95;109,94;108,93
SOUTH_EAST|117,96;118,97;119,98;120,99
SOUTH_EAST|121,96;122,97;123,98;124,99
NORTH_EAST|23,97;24,96;25,95;26,94
NORTH_WEST|27,97;26,96;25,95;24,94
SOUTH_WEST|29,97;28,98;27,99;26,100
NORTH|31,97;31,96;31,95;31,94
SOUTH|42,97;42,98;42,99;42,100
EAST|42,97;43,97;44,97;45,97
SOUTH_EAST|42,97;43,98;44,99;45,100
EAST|58,97;59,97;60,97;61,97
NORTH_EAST|67,97;68,96;69,95;70,94
SOUTH_WEST|67,97;66,98;65,99;64,100
SOUTH_EAST|67,97;68,98;69,99;70,100
NORTH_WEST|73,97;72,96;71,95;70,94
SOUTH_EAST|78,97;79,98;80,99;81,100
NORTH_EAST|87,97;88,96;89,95;90,94
NORTH|88,97;88,96;88,95;88,94
NORTH_WEST|97,97;96,96;95,95;94,94
NORTH_WEST|114,97;113,96;112,95;111,94
NORTH_EAST|115,97;116,96;117,95;118,94
SOUTH_EAST|115,97;116,98;117,99;118,100
SOUTH|116,97;116,98;116,99;116,100
NORTH_WEST|119,97;118,96;117,95;116,94
NORTH|132,97;132,96;132,95;132,94
SOUTH|138,97;138,98;138,99;138,100
NORTH_EAST|0,98;1,97;2,96;3,95
NORTH_WEST|4,98;3,97;2,96;1,95
SOUTH_WEST|4,98;3,99;2,100;1,101
SOUTH_EAST|4,98;5,99;6,100;7,101
SOUTH_WEST|30,98;29,99;28,100;27,101
EAST|54,98;55,98;56,98;57,98
SOUTH_WEST|54,98;53,99;52,100;51,101
SOUTH_EAST|54,98;55,99;56,100;57,101
NORTH_EAST|126,98;127,97;128,96;129,95
SOUTH_EAST|126,98;127,99;128,100;129,101
NORTH|128,98;128,97;128,96;128,95
SOUTH_EAST|0,99;1,100;2,101;3,102
WEST|4,99;3,99;2,99;1,99
NORTH_EAST|7,99;8,98;9,97;10,96
NORTH_EAST|14,99;15,98;16,97;17,96
SOUTH_EAST|14,99;15,100;16,101;17,102
NORTH_WEST|32,99;31,98;30,97;29,96
NORTH_EAST|32,99;33,98;34,97;35,96
NORTH|37,99;37,98;37,97;37,96
NORTH_EAST|37,99;38,98;39,97;40,96
NORTH|41,99;41,98;41,97;41,96
WEST|41,99;40,99;39,99;38,99
NORTH_WEST|41,99;40,98;39,97;38,96
NORTH_WEST|43,99;42,98;41,97;40,96
NORTH_WEST|46,99;45,98;44,97;43,96
EAST|48,99;49,99;50,99;51,99
NORTH_EAST|48,99;49,98;50,97;51,96
WEST|54,99;53,99;52,99;51,99
NORTH_EAST|54,99;55,98;56,97;57,96
NORTH_EAST|67,99;68,98;69,97;70,96
EAST|84,99;85,99;86,99;87,99
NORTH_EAST|84,99;85,98;86,97;87,96
SOUTH_WEST|84,99;83,100;82,101;81,102
SOUTH_WEST|98,99;97,100;96,101;95,102
SOUTH_EAST|98,99;99,100;100,101;101,102
NORTH_WEST|102,99;101,98;100,97;99,96
NORTH|103,99;103,98;103,97;103,96
SOUTH_EAST|110,99;111,100;112,101;113,102
EAST|121,99;122,99;123,99;124,99
EAST|0,100;1,100;2,100;3,100
SOUTH|14,100;14,101;14,102;14,103
EAST|14,100;15,100;16,100;17,100
SOUTH_EAST|32,100;33,101;34,102;35,103
SOUTH_WEST|53,100;52,101;51,102;50,103
SOUTH|65,100;65,101;65,102;65,103
SOUTH_WEST|68,100;67,101;66,102;65,103
NORTH_EAST|74,100;75,99;76,98;77,97
EAST|82,100;83,100;84,100;85,100
NORTH_WEST|113,100;112,99;111,98;110,97
EAST|119,100;120,100;121,100;122,100
NORTH_EAST|0,101;1,100;2,99;3,98
NORTH_WEST|8,101;7,100;6,99;5,98
NORTH_EAST|8,101;9,100;10,99;11,98
SOUTH_EAST|8,101;9,102;10,103;11,104
SOUTH|10,101;10,102;10,103;10,104
NORTH_WEST|10,101;9,100;8,99;7,98
SOUTH_WEST|11,101;10,102;9,103;8,104
SOUTH_WEST|13,101;12,102;11,103;10,104
NORTH_EAST|21,101;22,100;23,99;24,98
SOUTH_WEST|21,101;20,102;19,103;18,104
SOUTH|30,101;30,102;30,103;30,104
SOUTH_WEST|31,101;30,102;29,103;28,104
SOUTH|32,101;32,102;32,103;32,104
NORTH_WEST|32,101;31,100;30,99;29,98
SOUTH_WEST|38,101;37,102;36,103;35,104
SOUTH_EAST|38,101;39,102;40,103;41,104
SOUTH|39,101;39,102;39,103;39,104
NORTH_EAST|48,101;49,100;50,99;51,98
EAST|80,101;81,101;82,101;83,101
NORTH_WEST|80,101;79,100;78,99;77,98
WEST|86,101;85,101;84,101;83,101
NORTH_EAST|86,101;87,100;88,99;89,98
NORTH_EAST|92,101;93,100;94,99;95,98
NORTH_WEST|95,101;94,100;93,99;92,98
NORTH_WEST|98,101;97,100;96,99;95,98
SOUTH_WEST|98,101;97,102;96,103;95,104
SOUTH_EAST|98,101;99,102;100,103;101,104
SOUTH_WEST|101,101;100,102;99,103;98,104
WEST|114,101;113,101;112,101;111,101
EAST|119,101;120,101;121,101;122,101
WEST|125,101;124,101;123,101;122,101
NORTH_WEST|125,101;124,100;123,99;122,98
NORTH_WEST|138,101;137,100;136,99;135,98
NORTH_WEST|4,102;3,101;2,100;1,99
NORTH|33,102;33,101;33,100;33,99
NORTH_WEST|36,102;35,101;34,100;33,99
NORTH_WEST|54,102;53,101;52,100;51,99
NORTH_WEST|59,102;58,101;57,100;56,99
NORTH_EAST|78,102;79,101;80,100;81,99
WEST|93,102;92,102;91,102;90,102
NORTH_EAST|96,102;97,101;98,100;99,99
NORTH_EAST|123,102;124,101;125,100;126,99
NORTH_WEST|127,102;126,101;125,100;124,99
SOUTH|137,102;137,103;137,104;137,105
NORTH_EAST|0,103;1,102;2,101;3,100
SOUTH|16,103;16,104;16,105;16,106
SOUTH_EAST|16,103;17,104;18,105;19,106
NORTH_EAST|18,103;19,102;20,101;21,100
NORTH|20,103;20,102;20,101;20,100
NORTH_WEST|20,103;19,102;18,101;17,100
SOUTH_WEST|20,103;19,104;18,105;17,106
NORTH_WEST|22,103;21,102;20,101;19,100
NORTH|26,103;26,102;26,101;26,100
NORTH_WEST|27,103;26,102;25,101;24,100
NORTH|42,103;42,102;42,101;42,100
SOUTH_EAST|42,103;43,104;44,105;45,106
EAST|55,103;56,103;57,103;58,103
SOUTH_WEST|55,103;54,104;53,105;52,106
SOUTH_EAST|55,103;56,104;57,105;58,106
SOUTH_EAST|71,103;72,104;73,105;74,106
EAST|88,103;89,103;90,103;91,103
NORTH_EAST|88,103;89,102;90,101;91,100
SOUTH|102,103;102,104;102,105;102,106
NORTH_WEST|105,103;104,102;103,101;102,100
SOUTH_WEST|105,103;104,104;103,105;102,106
NORTH|118,103;118,102;118,101;118,100
SOUTH|122,103;122,104;122,105;122,106
WEST|122,103;121,103;120,103;119,103
WEST|4,104;3,104;2,104;1,104
NORTH_WEST|4,104;3,103;2,102;1,101
NORTH_EAST|4,104;5,103;6,102;7,101
EAST|55,104;56,104;57,104;58,104
SOUTH_WEST|59,104;58,105;57,106;56,107
NORTH_WEST|67,104;66,103;65,102;64,101
NORTH_WEST|69,104;68,103;67,102;66,101
NORTH_EAST|80,104;81,103;82,102;83,101
SOUTH_WEST|96,104;95,105;94,106;93,107
NORTH_EAST|108,104;109,103;110,102;111,101
EAST|112,104;113,104;114,104;115,104
SOUTH_EAST|123,104;124,105;125,106;126,107
NORTH_EAST|126,104;127,103;128,102;129,101
SOUTH_WEST|127,104;126,105;125,106;124,107
NORTH_EAST|131,104;132,103;133,102;134,101
SOUTH_WEST|131,104;130,105;129,106;128,107
SOUTH_EAST|12,105;13,106;14,107;15,108
SOUTH_WEST|14,105;13,106;12,107;11,108
SOUTH|15,105;15,106;15,107;15,108
NORTH|17,105;17,104;17,103;17,102
SOUTH_WEST|22,105;21,106;20,107;19,108
NORTH_WEST|34,105;33,104;32,103;31,102
SOUTH_WEST|42,105;41,106;40,107;39,108
WEST|55,105;54,105;53,105;52,105
EAST|75,105;76,105;77,105;78,105
NORTH_WEST|98,105;97,104;96,103;95,102
NORTH_EAST|98,105;99,104;100,103;101,102
NORTH|106,105;106,104;106,103;106,102
NORTH_EAST|106,105;107,104;108,103;109,102
SOUTH|111,105;111,106;111,107;111,108
WEST|111,105;110,105;109,105;108,105
SOUTH_EAST|111,105;112,106;113,107;114,108
SOUTH|112,105;112,106;112,107;112,108
SOUTH|119,105;119,106;119,107;119,108
SOUTH_EAST|119,105;120,106;121,107;122,108
SOUTH_EAST|4,106;5,107;6,108;7,109
SOUTH_EAST|10,106;11,107;12,108;13,109
NORTH_WEST|38,106;37,105;36,104;35,103
EAST|42,106;43,106;44,106;45,106
SOUTH_WEST|42,106;41,107;40,108;39,109
NORTH|51,106;51,105;51,104;51,103
EAST|55,106;56,106;57,106;58,106
NORTH_WEST|55,106;54,105;53,104;52,103
NORTH_EAST|62,106;63,105;64,104;65,103
SOUTH_EAST|76,106;77,107;78,108;79,109
SOUTH|79,106;79,107;79,108;79,109
NORTH_EAST|84,106;85,105;86,104;87,103
EAST|105,106;106,106;107,106;108,106
NORTH|130,106;130,105;130,104;130,103
NORTH_EAST|133,106;134,105;135,104;136,103
WEST|6,107;5,107;4,107;3,107
EAST|6,107;7,107;8,107;9,107
SOUTH_WEST|10,107;9,108;8,109;7,110
NORTH_WEST|13,107;12,106;11,105;10,104
SOUTH_EAST|13,107;14,108;15,109;16,110
NORTH_WEST|25,107;24,106;23,105;22,104
SOUTH_EAST|28,107;29,108;30,109;31,110
NORTH_EAST|29,107;30,106;31,105;32,104
SOUTH_WEST|29,107;28,108;27,109;26,110
NORTH|32,107;32,106;32,105;32,104
SOUTH_WEST|32,107;31,108;30,109;29,110
WEST|36,107;35,107;34,107;33,107
EAST|36,107;37,107;38,107;39,107
SOUTH_EAST|36,107;37,108;38,109;39,110
WEST|42,107;41,107;40,107;39,107
NORTH_WEST|42,107;41,106;40,105;39,104
SOUTH_WEST|42,107;41,108;40,109;39,110
NORTH_EAST|45,107;46,106;47,105;48,104
SOUTH_EAST|45,107;46,108;47,109;48,110
NORTH_WEST|49,107;48,106;47,105;46,104
SOUTH_WEST|49,107;48,108;47,109;46,110
NORTH_EAST|55,107;56,106;57,105;58,104
NORTH_EAST|71,107;72,106;73,105;74,104
SOUTH_WEST|74,107;73,108;72,109;71,110
NORTH_EAST|82,107;83,106;84,105;85,104
SOUTH_WEST|85,107;84,108;83,109;82,110
SOUTH|87,107;87,108;87,109;87,110
NORTH_WEST|92,107;91,106;90,105;89,104
NORTH_EAST|92,107;93,106;94,105;95,104
NORTH_WEST|96,107;95,106;94,105;93,104
NORTH|103,107;103,106;103,105;103,104
SOUTH_EAST|115,107;116,108;117,109;118,110
SOUTH|135,107;135,108;135,109;135,110
WEST|4,108;3,108;2,108;1,108
EAST|4,108;5,108;6,108;7,108
EAST|8,108;9,108;10,108;11,108
EAST|21,108;22,108;23,108;24,108
WEST|38,108;37,108;36,108;35,108
SOUTH_WEST|57,108;56,109;55,110;54,111
SOUTH_WEST|60,108;59,109;58,110;57,111
SOUTH_WEST|62,108;61,109;60,110;59,111
NORTH_WEST|70,108;69,107;68,106;67,105
NORTH_EAST|75,108;76,107;77,106;78,105
NORTH_EAST|80,108;81,107;82,106;83,105
EAST|106,108;107,108;108,108;109,108
SOUTH_EAST|113,108;114,109;115,110;116,111
SOUTH|137,108;137,109;137,110;137,111
SOUTH|2,109;2,110;2,111;2,112
NORTH_EAST|2,109;3,108;4,107;5,106
SOUTH_EAST|2,109;3,110;4,111;5,112
NORTH|17,109;17,108;17,107;17,106
NORTH_EAST|28,109;29,108;30,107;31,106
WEST|42,109;41,109;40,109;39,109
SOUTH_EAST|43,109;44,110;45,111;46,112
NORTH|63,109;63,108;63,107;63,106
SOUTH|63,109;63,110;63,111;63,112
NORTH_WEST|64,109;63,108;62,107;61,106
NORTH_EAST|64,109;65,108;66,107;67,106
WEST|74,109;73,109;72,109;71,109
NORTH_WEST|74,109;73,108;72,107;71,106
WEST|82,109;81,109;80,109;79,109
EAST|99,109;100,109;101,109;102,109
NORTH_EAST|115,109;116,108;117,107;118,106
NORTH|118,109;118,108;118,107;118,106
NORTH_EAST|123,109;124,108;125,107;126,106
NORTH_WEST|127,109;126,108;125,107;124,106
NORTH|131,109;131,108;131,107;131,106
WEST|131,109;130,109;129,109;128,109
NORTH|132,109;132,108;132,107;132,106
SOUTH_WEST|21,110;20,111;19,112;18,113
SOUTH_EAST|21,110;22,111;23,112;24,113
NORTH_WEST|36,110;35,109;34,108;33,107
SOUTH|38,110;38,111;38,112;38,113
WEST|42,110;41,110;40,110;39,110
NORTH_WEST|42,110;41,109;40,108;39,107
WEST|74,110;73,110;72,110;71,110
SOUTH_EAST|79,110;80,111;81,112;82,113
SOUTH_WEST|81,110;80,111;79,112;78,113
EAST|88,110;89,110;90,110;91,110
NORTH_EAST|92,110;93,109;94,108;95,107
NORTH_WEST|96,110;95,109;94,108;93,107
SOUTH_EAST|106,110;107,111;108,112;109,113
SOUTH_EAST|109,110;110,111;111,112;112,113
SOUTH|111,110;111,111;111,112;111,113
NORTH_EAST|123,110;124,109;125,108;126,107
NORTH_EAST|125,110;126,109;127,108;128,107
SOUTH_WEST|126,110;125,111;124,112;123,113
WEST|133,110;132,110;131,110;130,110
WEST|8,111;7,111;6,111;5,111
NORTH_EAST|8,111;9,110;10,109;11,108
NORTH_WEST|10,111;9,110;8,109;7,108
NORTH_EAST|12,111;13,110;14,109;15,108
SOUTH_EAST|12,111;13,112;14,113;15,114
NORTH_WEST|14,111;13,110;12,109;11,108
NORTH_EAST|16,111;17,110;18,109;19,108
NORTH_EAST|36,111;37,110;38,109;39,108
SOUTH|44,111;44,112;44,113;44,114
WEST|51,111;50,111;49,111;48,111
SOUTH_EAST|69,111;70,112;71,113;72,114
SOUTH_EAST|71,111;72,112;73,113;74,114
SOUTH_WEST|75,111;74,112;73,113;72,114
NORTH|83,111;83,110;83,109;83,108
NORTH_EAST|83,111;84,110;85,109;86,108
NORTH_EAST|99,111;100,110;101,109;102,108
SOUTH_WEST|99,111;98,112;97,113;96,114
NORTH_EAST|102,111;103,110;104,109;105,108
EAST|103,111;104,111;105,111;106,111
SOUTH_EAST|103,111;104,112;105,113;106,114
EAST|129,111;130,111;131,111;132,111
SOUTH|133,111;133,112;133,113;133,114
SOUTH|17,112;17,113;17,114;17,115
SOUTH_WEST|21,112;20,113;19,114;18,115
SOUTH_EAST|30,112;31,113;32,114;33,115
NORTH_EAST|41,112;42,111;43,110;44,109
SOUTH_WEST|41,112;40,113;39,114;38,115
NORTH_WEST|51,112;50,111;49,110;48,109
NORTH_WEST|57,112;56,111;55,110;54,109
NORTH_WEST|61,112;60,111;59,110;58,109
SOUTH_EAST|88,112;89,113;90,114;91,115
SOUTH|92,112;92,113;92,114;92,115
EAST|109,112;110,112;111,112;112,112
WEST|119,112;118,112;117,112;116,112
NORTH_WEST|119,112;118,111;117,110;116,109
NORTH_WEST|131,112;130,111;129,110;128,109
NORTH_WEST|4,113;3,112;2,111;1,110
SOUTH_EAST|4,113;5,114;6,115;7,116
NORTH_WEST|27,113;26,112;25,111;24,110
NORTH_WEST|29,113;28,112;27,111;26,110
NORTH|52,113;52,112;52,111;52,110
SOUTH_EAST|52,113;53,114;54,115;55,116
SOUTH_WEST|56,113;55,114;54,115;53,116
NORTH_EAST|65,113;66,112;67,111;68,110
NORTH_WEST|69,113;68,112;67,111;66,110
SOUTH|75,113;75,114;75,115;75,116
SOUTH_EAST|94,113;95,114;96,115;97,116
SOUTH|99,113;99,114;99,115;99,116
SOUTH_WEST|101,113;100,114;99,115;98,116
SOUTH_WEST|120,113;119,114;118,115;117,116
NORTH_WEST|21,114;20,113;19,112;18,111
NORTH_EAST|21,114;22,113;23,112;24,111
SOUTH_EAST|25,114;26,115;27,116;28,117
NORTH_WEST|40,114;39,113;38,112;37,111
SOUTH_EAST|43,114;44,115;45,116;46,117
NORTH_WEST|61,114;60,113;59,112;58,111
NORTH_EAST|65,114;66,113;67,112;68,111
NORTH_EAST|79,114;80,113;81,112;82,111
SOUTH_WEST|79,114;78,115;77,116;76,117
WEST|109,114;108,114;107,114;106,114
SOUTH_WEST|3,115;2,116;1,117;0,118
NORTH_WEST|4,115;3,114;2,113;1,112
NORTH_EAST|4,115;5,114;6,113;7,112
NORTH|10,115;10,114;10,113;10,112
WEST|10,115;9,115;8,115;7,115
NORTH_WEST|10,115;9,114;8,113;7,112
SOUTH_EAST|10,115;11,116;12,117;13,118
NORTH|12,115;12,114;12,113;12,112
NORTH_WEST|12,115;11,114;10,113;9,112
NORTH_EAST|12,115;13,114;14,113;15,112
SOUTH_WEST|12,115;11,116;10,117;9,118
NORTH_WEST|15,115;14,114;13,113;12,112
SOUTH_EAST|15,115;16,116;17,117;18,118
SOUTH|41,115;41,116;41,117;41,118
EAST|43,115;44,115;45,115;46,115
SOUTH_WEST|43,115;42,116;41,117;40,118
SOUTH_WEST|60,115;59,116;58,117;57,118
WEST|66,115;65,115;64,115;63,115
NORTH_EAST|74,115;75,114;76,113;77,112
NORTH_WEST|83,115;82,114;81,113;80,112
SOUTH_EAST|85,115;86,116;87,117;88,118
SOUTH_WEST|87,115;86,116;85,117;84,118
SOUTH_EAST|101,115;102,116;103,117;104,118
NORTH|103,115;103,114;103,113;103,112
NORTH_EAST|103,115;104,114;105,113;106,112
NORTH_WEST|104,115;103,114;102,113;101,112
SOUTH|108,115;108,116;108,117;108,118
SOUTH_EAST|108,115;109,116;110,117;111,118
SOUTH_WEST|132,115;131,116;130,117;129,118
NORTH_WEST|21,116;20,115;19,114;18,113
NORTH_EAST|21,116;22,115;23,114;24,113
EAST|23,116;24,116;25,116;26,116
SOUTH|36,116;36,117;36,118;36,119
WEST|36,116;35,116;34,116;33,116
NORTH_EAST|48,116;49,115;50,114;51,113
SOUTH_WEST|48,116;47,117;46,118;45,119
NORTH_EAST|50,116;51,115;52,114;53,113
SOUTH_EAST|50,116;51,117;52,118;53,119
SOUTH|52,116;52,117;52,118;52,119
NORTH_WEST|52,116;51,115;50,114;49,113
NORTH_EAST|52,116;53,115;54,114;55,113
NORTH_WEST|56,116;55,115;54,114;53,113
NORTH|67,116;67,115;67,114;67,113
SOUTH|68,116;68,117;68,118;68,119
SOUTH_EAST|68,116;69,117;70,118;71,119
WEST|74,116;73,116;72,116;71,116
SOUTH_EAST|81,116;82,117;83,118;84,119
SOUTH_WEST|95,116;94,117;93,118;92,119
EAST|103,116;104,116;105,116;106,116
SOUTH|126,116;126,117;126,118;126,119
SOUTH_EAST|126,116;127,117;128,118;129,119
SOUTH_WEST|130,116;129,117;128,118;127,119
NORTH|0,117;0,116;0,115;0,114
SOUTH_WEST|33,117;32,118;31,119;30,120
SOUTH_WEST|63,117;62,118;61,119;60,120
NORTH_WEST|77,117;76,116;75,115;74,114
EAST|83,117;84,117;85,117;86,117
SOUTH_EAST|104,117;105,118;106,119;107,120
WEST|27,118;26,118;25,118;24,118
EAST|27,118;28,118;29,118;30,118
SOUTH|35,118;35,119;35,120;35,121
NORTH_EAST|35,118;36,117;37,116;38,115
NORTH|37,118;37,117;37,116;37,115
SOUTH|37,118;37,119;37,120;37,121
NORTH_WEST|66,118;65,117;64,116;63,115
EAST|85,118;86,118;87,118;88,118
NORTH_WEST|85,118;84,117;83,116;82,115
NORTH_WEST|95,118;94,117;93,116;92,115
SOUTH|133,118;133,119;133,120;133,121
NORTH_WEST|134,118;133,117;132,116;131,115
SOUTH_WEST|134,118;133,119;132,120;131,121
NORTH|1,119;1,118;1,117;1,116
SOUTH_EAST|5,119;6,120;7,121;8,122
NORTH_WEST|7,119;6,118;5,117;4,116
SOUTH_EAST|9,119;10,120;11,121;12,122
NORTH|12,119;12,118;12,117;12,116
SOUTH|15,119;15,120;15,121;15,122
WEST|30,119;29,119;28,119;27,119
NORTH|54,119;54,118;54,117;54,116
NORTH|55,119;55,118;55,117;55,116
NORTH_WEST|56,119;55,118;54,117;53,116
SOUTH_EAST|56,119;57,120;58,121;59,122
NORTH_WEST|60,119;59,118;58,117;57,116
NORTH_WEST|63,119;62,118;61,117;60,116
SOUTH_EAST|63,119;64,120;65,121;66,122
NORTH|75,119;75,118;75,117;75,116
SOUTH_WEST|75,119;74,120;73,121;72,122
SOUTH|76,119;76,120;76,121;76,122
SOUTH_WEST|76,119;75,120;74,121;73,122
NORTH_EAST|95,119;96,118;97,117;98,116
SOUTH_EAST|99,119;100,120;101,121;102,122
SOUTH|100,119;100,120;100,121;100,122
SOUTH|102,119;102,120;102,121;102,122
SOUTH_WEST|103,119;102,120;101,121;100,122
WEST|125,119;124,119;123,119;122,119
SOUTH_EAST|1,120;2,121;3,122;4,123
SOUTH_WEST|22,120;21,121;20,122;19,123
NORTH_WEST|27,120;26,119;25,118;24,117
SOUTH_WEST|27,120;26,121;25,122;24,123
NORTH_WEST|38,120;37,119;36,118;35,117
SOUTH_WEST|42,120;41,121;40,122;39,123
SOUTH_EAST|44,120;45,121;46,122;47,123
SOUTH_EAST|54,120;55,121;56,122;57,123
NORTH_EAST|68,120;69,119;70,118;71,117
EAST|84,120;85,120;86,120;87,120
SOUTH|94,120;94,121;94,122;94,123
NORTH_WEST|95,120;94,119;93,118;92,117
NORTH|113,120;113,119;113,118;113,117
SOUTH_WEST|113,120;112,121;111,122;110,123
NORTH_WEST|114,120;113,119;112,118;111,117
SOUTH|121,120;121,121;121,122;121,123
NORTH_WEST|134,120;133,119;132,118;131,117
NORTH_EAST|135,120;136,119;137,118;138,117
NORTH|138,120;138,119;138,118;138,117
NORTH_WEST|5,121;4,120;3,119;2,118
EAST|59,121;60,121;61,121;62,121
SOUTH_EAST|59,121;60,122;61,123;62,124
NORTH_WEST|63,121;62,120;61,119;60,118
SOUTH_WEST|63,121;62,122;61,123;60,124
SOUTH_EAST|63,121;64,122;65,123;66,124
NORTH|77,121;77,120;77,119;77,118
NORTH_EAST|77,121;78,120;79,119;80,118
NORTH_WEST|79,121;78,120;77,119;76,118
SOUTH_WEST|79,121;78,122;77,123;76,124
NORTH|80,121;80,120;80,119;80,118
SOUTH_EAST|82,121;83,122;84,123;85,124
SOUTH_EAST|86,121;87,122;88,123;89,124
SOUTH_WEST|89,121;88,122;87,123;86,124
SOUTH_EAST|89,121;90,122;91,123;92,124
EAST|106,121;107,121;108,121;109,121
NORTH_WEST|106,121;105,120;104,119;103,118
SOUTH_WEST|115,121;114,122;113,123;112,124
SOUTH_EAST|115,121;116,122;117,123;118,124
SOUTH_WEST|126,121;125,122;124,123;123,124
EAST|128,121;129,121;130,121;131,121
SOUTH_EAST|1,122;2,123;3,124;4,125
SOUTH|9,122;9,123;9,124;9,125
SOUTH|11,122;11,123;11,124;11,125
SOUTH_EAST|11,122;12,123;13,124;14,125
SOUTH_EAST|22,122;23,123;24,124;25,125
SOUTH|27,122;27,123;27,124;27,125
NORTH_WEST|27,122;26,121;25,120;24,119
SOUTH_EAST|35,122;36,123;37,124;38,125
SOUTH_WEST|37,122;36,123;35,124;34,125
NORTH_WEST|39,122;38,121;37,120;36,119
SOUTH_WEST|41,122;40,123;39,124;38,125
SOUTH|42,122;42,123;42,124;42,125
NORTH_EAST|48,122;49,121;50,120;51,119
NORTH_WEST|50,122;49,121;48,120;47,119
SOUTH_WEST|61,122;60,123;59,124;58,125
EAST|63,122;64,122;65,122;66,122
NORTH|71,122;71,121;71,120;71,119
NORTH_WEST|71,122;70,121;69,120;68,119
SOUTH_EAST|113,122;114,123;115,124;116,125
NORTH|122,122;122,121;122,120;122,119
EAST|124,122;125,122;126,122;127,122
NORTH_WEST|130,122;129,121;128,120;127,119
SOUTH|134,122;134,123;134,124;134,125
NORTH|32,123;32,122;32,121;32,120
SOUTH_EAST|33,123;34,124;35,125;36,126
NORTH_WEST|63,123;62,122;61,121;60,120
NORTH_EAST|63,123;64,122;65,121;66,120
SOUTH_EAST|74,123;75,124;76,125;77,126
SOUTH|75,123;75,124;75,125;75,126
NORTH_WEST|76,123;75,122;74,121;73,120
NORTH_EAST|98,123;99,122;100,121;101,120
WEST|115,123;114,123;113,123;112,123
NORTH_EAST|115,123;116,122;117,121;118,120
SOUTH_WEST|115,123;114,124;113,125;112,126
NORTH|14,124;14,123;14,122;14,121
NORTH_EAST|16,124;17,123;18,122;19,121
SOUTH_WEST|16,124;15,125;14,126;13,127
NORTH_EAST|22,124;23,123;24,122;25,121
NORTH_EAST|41,124;42,123;43,122;44,121
NORTH_WEST|57,124;56,123;55,122;54,121
NORTH|104,124;104,123;104,122;104,121
SOUTH_EAST|104,124;105,125;106,126;107,127
SOUTH|105,124;105,125;105,126;105,127
SOUTH_EAST|124,124;125,125;126,126;127,127
SOUTH_WEST|130,124;129,125;128,126;127,127
NORTH|138,124;138,123;138,122;138,121
SOUTH|21,125;21,126;21,127;21,128
SOUTH_WEST|24,125;23,126;22,127;21,128
SOUTH|33,125;33,126;33,127;33,128
WEST|37,125;36,125;35,125;34,125
SOUTH_EAST|61,125;62,126;63,127;64,128
SOUTH_WEST|67,125;66,126;65,127;64,128
SOUTH|71,125;71,126;71,127;71,128
NORTH_WEST|71,125;70,124;69,123;68,122
NORTH_EAST|71,125;72,124;73,123;74,122
NORTH|73,125;73,124;73,123;73,122
SOUTH_WEST|74,125;73,126;72,127;71,128
NORTH|77,125;77,124;77,123;77,122
NORTH|84,125;84,124;84,123;84,122
WEST|84,125;83,125;82,125;81,125
NORTH_WEST|84,125;83,124;82,123;81,122
SOUTH|93,125;93,126;93,127;93,128
SOUTH_EAST|93,125;94,126;95,127;96,128
WEST|126,125;125,125;124,125;123,125
NORTH_WEST|126,125;125,124;124,123;123,122
NORTH_EAST|126,125;127,124;128,123;129,122
NORTH_WEST|130,125;129,124;128,123;127,122
SOUTH_WEST|130,125;129,126;128,127;127,128
NORTH|1,126;1,125;1,124;1,123
NORTH_EAST|1,126;2,125;3,124;4,123
NORTH_WEST|3,126;2,125;1,124;0,123
SOUTH|12,126;12,127;12,128;12,129
EAST|28,126;29,126;30,126;31,126
NORTH_EAST|28,126;29,125;30,124;31,123
NORTH_EAST|35,126;36,125;37,124;38,123
EAST|41,126;42,126;43,126;44,126
NORTH_WEST|60,126;59,125;58,124;57,123
NORTH_WEST|61,126;60,125;59,124;58,123
SOUTH_WEST|99,126;98,127;97,128;96,129
NORTH|107,126;107,125;107,124;107,123
NORTH_EAST|107,126;108,125;109,124;110,123
SOUTH_WEST|107,126;106,127;105,128;104,129
NORTH|109,126;109,125;109,124;109,123
EAST|109,126;110,126;111,126;112,126
SOUTH_WEST|109,126;108,127;107,128;106,129
EAST|120,126;121,126;122,126;123,126
SOUTH_WEST|133,126;132,127;131,128;130,129
NORTH_WEST|136,126;135,125;134,124;133,123
NORTH|8,127;8,126;8,125;8,124
NORTH_EAST|28,127;29,126;30,125;31,124
SOUTH|32,127;32,128;32,129;32,130
EAST|36,127;37,127;38,127;39,127
NORTH|40,127;40,126;40,125;40,124
SOUTH|52,127;52,128;52,129;52,130
WEST|52,127;51,127;50,127;49,127
NORTH_WEST|54,127;53,126;52,125;51,124
SOUTH_WEST|54,127;53,128;52,129;51,130
NORTH_EAST|61,127;62,126;63,125;64,124
NORTH_WEST|74,127;73,126;72,125;71,124
SOUTH_WEST|74,127;73,128;72,129;71,130
NORTH_EAST|83,127;84,126;85,125;86,124
NORTH|85,127;85,126;85,125;85,124
SOUTH_EAST|85,127;86,128;87,129;88,130
NORTH|86,127;86,126;86,125;86,124
NORTH|92,127;92,126;92,125;92,124
NORTH_EAST|113,127;114,126;115,125;116,124
SOUTH_EAST|114,127;115,128;116,129;117,130
NORTH_WEST|115,127;114,126;113,125;112,124
NORTH_EAST|115,127;116,126;117,125;118,124
EAST|124,127;125,127;126,127;127,127
NORTH|0,128;0,127;0,126;0,125
SOUTH|5,128;5,129;5,130;5,131
NORTH_WEST|17,128;16,127;15,126;14,125
NORTH|20,128;20,127;20,126;20,125
SOUTH_WEST|43,128;42,129;41,130;40,131
EAST|46,128;47,128;48,128;49,128
NORTH|104,128;104,127;104,126;104,125
SOUTH_EAST|104,128;105,129;106,130;107,131
NORTH|106,128;106,127;106,126;106,125
SOUTH_WEST|112,128;111,129;110,130;109,131
NORTH_WEST|119,128;118,127;117,126;116,125
WEST|130,128;129,128;128,128;127,128
NORTH_WEST|20,129;19,128;18,127;17,126
SOUTH|22,129;22,130;22,131;22,132
NORTH_WEST|25,129;24,128;23,127;22,126
SOUTH_EAST|25,129;26,130;27,131;28,132
SOUTH|26,129;26,130;26,131;26,132
NORTH_EAST|44,129;45,128;46,127;47,126
SOUTH_WEST|46,129;45,130;44,131;43,132
SOUTH_WEST|54,129;53,130;52,131;51,132
SOUTH|58,129;58,130;58,131;58,132
NORTH_WEST|58,129;57,128;56,127;55,126
SOUTH_WEST|65,129;64,130;63,131;62,132
NORTH_WEST|135,129;134,128;133,127;132,126
NORTH_EAST|135,129;136,128;137,127;138,126
SOUTH_EAST|135,129;136,130;137,131;138,132
NORTH|7,130;7,129;7,128;7,127
NORTH_WEST|10,130;9,129;8,128;7,127
NORTH_EAST|10,130;11,129;12,128;13,127
NORTH|15,130;15,129;15,128;15,127
NORTH_WEST|62,130;61,129;60,128;59,127
SOUTH_WEST|72,130;71,131;70,132;69,133
NORTH_WEST|82,130;81,129;80,128;79,127
SOUTH_WEST|82,130;81,131;80,132;79,133
NORTH|120,130;120,129;120,128;120,127
WEST|120,130;119,130;118,130;117,130
EAST|125,130;126,130;127,130;128,130
WEST|131,130;130,130;129,130;128,130
WEST|15,131;14,131;13,131;12,131
SOUTH_EAST|20,131;21,132;22,133;23,134
SOUTH|23,131;23,132;23,133;23,134
SOUTH_EAST|23,131;24,132;25,133;26,134
NORTH_EAST|30,131;31,130;32,129;33,128
NORTH|31,131;31,130;31,129;31,128
NORTH|33,131;33,130;33,129;33,128
NORTH_WEST|34,131;33,130;32,129;31,128
NORTH_WEST|36,131;35,130;34,129;33,128
NORTH_EAST|48,131;49,130;50,129;51,128
NORTH_WEST|57,131;56,130;55,129;54,128
EAST|61,131;62,131;63,131;64,131
NORTH|66,131;66,130;66,129;66,128
EAST|70,131;71,131;72,131;73,131
NORTH_WEST|74,131;73,130;72,129;71,128
NORTH_WEST|87,131;86,130;85,129;84,128
SOUTH_EAST|87,131;88,132;89,133;90,134
NORTH_WEST|116,131;115,130;114,129;113,128
WEST|129,131;128,131;127,131;126,131
SOUTH_WEST|35,132;34,133;33,134;32,135
SOUTH|37,132;37,133;37,134;37,135
SOUTH|42,132;42,133;42,134;42,135
NORTH_WEST|42,132;41,131;40,130;39,129
WEST|65,132;64,132;63,132;62,132
EAST|66,132;67,132;68,132;69,132
NORTH_WEST|82,132;81,131;80,130;79,129
SOUTH_EAST|83,132;84,133;85,134;86,135
SOUTH_WEST|97,132;96,133;95,134;94,135
NORTH_EAST|110,132;111,131;112,130;113,129
SOUTH|112,132;112,133;112,134;112,135
NORTH_WEST|112,132;111,131;110,130;109,129
SOUTH|0,133;0,134;0,135;0,136
NORTH|1,133;1,132;1,131;1,130
SOUTH_WEST|3,133;2,134;1,135;0,136
SOUTH|24,133;24,134;24,135;24,136
NORTH_WEST|24,133;23,132;22,131;21,130
NORTH_EAST|24,133;25,132;26,131;27,130
NORTH|27,133;27,132;27,131;27,130
SOUTH|27,133;27,134;27,135;27,136
NORTH_WEST|28,133;27,132;26,131;25,130
WEST|38,133;37,133;36,133;35,133
NORTH_EAST|48,133;49,132;50,131;51,130
NORTH|59,133;59,132;59,131;59,130
WEST|59,133;58,133;57,133;56,133
SOUTH|76,133;76,134;76,135;76,136
NORTH_WEST|91,133;90,132;89,131;88,130
SOUTH_EAST|101,133;102,134;103,135;104,136
SOUTH_WEST|109,133;108,134;107,135;106,136
NORTH_EAST|110,133;111,132;112,131;113,130
WEST|117,133;116,133;115,133;114,133
SOUTH_EAST|121,133;122,134;123,135;124,136
SOUTH|122,133;122,134;122,135;122,136
SOUTH|123,133;123,134;123,135;123,136
SOUTH|124,133;124,134;124,135;124,136
NORTH_EAST|125,133;126,132;127,131;128,130
SOUTH_WEST|125,133;124,134;123,135;122,136
NORTH|135,133;135,132;135,131;135,130
SOUTH|135,133;135,134;135,135;135,136
NORTH|10,134;10,133;10,132;10,131
SOUTH_WEST|10,134;9,135;8,136;7,137
SOUTH|41,134;41,135;41,136;41,137
SOUTH|58,134;58,135;58,136;58,137
NORTH_WEST|59,134;58,133;57,132;56,131
NORTH|60,134;60,133;60,132;60,131
SOUTH_WEST|61,134;60,135;59,136;58,137
WEST|66,134;65,134;64,134;63,134
SOUTH_EAST|68,134;69,135;70,136;71,137
NORTH_EAST|70,134;71,133;72,132;73,131
NORTH|84,134;84,133;84,132;84,131
SOUTH|113,134;113,135;113,136;113,137
EAST|113,134;114,134;115,134;116,134
EAST|125,134;126,134;127,134;128,134
SOUTH_WEST|129,134;128,135;127,136;126,137
SOUTH_EAST|129,134;130,135;131,136;132,137
NORTH_WEST|134,134;133,133;132,132;131,131
SOUTH_WEST|16,135;15,136;14,137;13,138
NORTH_EAST|19,135;20,134;21,133;22,132
SOUTH_WEST|22,135;21,136;20,137;19,138
NORTH_EAST|23,135;24,134;25,133;26,132
SOUTH|26,135;26,136;26,137;26,138
SOUTH_WEST|29,135;28,136;27,137;26,138
WEST|40,135;39,135;38,135;37,135
SOUTH_WEST|40,135;39,136;38,137;37,138
NORTH_EAST|55,135;56,134;57,133;58,132
WEST|70,135;69,135;68,135;67,135
NORTH_EAST|70,135;71,134;72,133;73,132
SOUTH_WEST|70,135;69,136;68,137;67,138
SOUTH_WEST|109,135;108,136;107,137;106,138
SOUTH|121,135;121,136;121,137;121,138
NORTH_EAST|125,135;126,134;127,133;128,132
SOUTH_EAST|125,135;126,136;127,137;128,138
SOUTH_EAST|127,135;128,136;129,137;130,138
SOUTH_WEST|133,135;132,136;131,137;130,138
SOUTH|134,135;134,136;134,137;134,138
NORTH_WEST|134,135;133,134;132,133;131,132
SOUTH_EAST|18,136;19,137;20,138;21,139
NORTH|33,136;33,135;33,134;33,133
WEST|33,136;32,136;31,136;30,136
SOUTH_EAST|34,136;35,137;36,138;37,139
NORTH|35,136;35,135;35,134;35,133
WEST|47,136;46,136;45,136;44,136
SOUTH_WEST|47,136;46,137;45,138;44,139
SOUTH_WEST|68,136;67,137;66,138;65,139
SOUTH_WEST|74,136;73,137;72,138;71,139
SOUTH_WEST|79,136;78,137;77,138;76,139
NORTH_EAST|80,136;81,135;82,134;83,133
SOUTH_EAST|81,136;82,137;83,138;84,139
NORTH|83,136;83,135;83,134;83,133
NORTH_EAST|83,136;84,135;85,134;86,133
WEST|98,136;97,136;96,136;95,136
NORTH_WEST|117,136;116,135;115,134;114,133
EAST|18,137;19,137;20,137;21,137
NORTH_WEST|22,137;21,136;20,135;19,134
WEST|36,137;35,137;34,137;33,137
WEST|55,137;54,137;53,137;52,137
NORTH_EAST|64,137;65,136;66,135;67,134
EAST|66,137;67,137;68,137;69,137
NORTH_WEST|66,137;65,136;64,135;63,134
NORTH_EAST|76,137;77,136;78,135;79,134
EAST|81,137;82,137;83,137;84,137
NORTH_EAST|96,137;97,136;98,135;99,134
WEST|100,137;99,137;98,137;97,137
NORTH_WEST|102,137;101,136;100,135;99,134
NORTH_EAST|102,137;103,136;104,135;105,134
NORTH|105,137;105,136;105,135;105,134
NORTH_WEST|106,137;105,136;104,135;103,134
NORTH_WEST|109,137;108,136;107,135;106,134
NORTH_EAST|118,137;119,136;120,135;121,134
WEST|51,138;50,138;49,138;48,138
EAST|51,138;52,138;53,138;54,138
NORTH_EAST|58,138;59,137;60,136;61,135
EAST|64,138;65,138;66,138;67,138
NORTH_WEST|64,138;63,137;62,136;61,135
NORTH_EAST|64,138;65,137;66,136;67,135
NORTH_WEST|75,138;74,137;73,136;72,135
EAST|81,138;82,138;83,138;84,138
NORTH|89,138;89,137;89,136;89,135
WEST|94,138;93,138;92,138;91,138
EAST|103,138;104,138;105,138;106,138
NORTH_WEST|113,138;112,137;111,136;110,135
NORTH_WEST|115,138;114,137;113,136;112,135
NORTH_WEST|117,138;116,137;115,136;114,135
WEST|126,138;125,138;124,138;123,138
NORTH_WEST|129,138;128,137;127,136;126,135
NORTH_WEST|22,139;21,138;20,137;19,136
NORTH_EAST|24,139;25,138;26,137;27,136
WEST|35,139;34,139;33,139;32,139
NORTH_EAST|51,139;52,138;53,137;54,136
EAST|57,139;58,139;59,139;60,139
WEST|68,139;67,139;66,139;65,139
NORTH_EAST|73,139;74,138;75,137;76,136
EAST|77,139;78,139;79,139;80,139
WEST|83,139;82,139;81,139;80,139
WEST|87,139;86,139;85,139;84,139
WEST|91,139;90,139;89,139;88,139
NORTH_EAST|96,139;97,138;98,137;99,136
NORTH_EAST|99,139;100,138;101,137;102,136
EAST|104,139;105,139;106,139;107,139
NORTH_WEST|109,139;108,138;107,137;106,136
EAST|112,139;113,139;114,139;115,139
WEST|118,139;117,139;116,139;115,139
NORTH_EAST|119,139;120,138;121,137;122,136
WEST|123,139;122,139;121,139;120,139
